INDEX.

Rogeri de Hengsteworde, 111111101-
mus 111100, 159.
Rogeri de 10 1100010011, 1111010 01101,
11030100, 114, 138, 139, 184, 209,
mmmmffi
. 330, 351, 369, 379, 414,
416, 422, 431, 439.
11030100 Clericus, 373.
11000100 Comes, 285.
Rogems Episcopus Coventriensis,
Rogerus 801100001100, 271.
11030100 filius Ailwardi, 212.
Rogerus 111100 Alani, 171.
110ςο100 111100 14101111, 249.
1101111100 111100 11150111, 238.
11030100 filius Alnoti, 209.
11030100 111100 11101101, 119, 128.
110ςο100611υο 110ςο11, 317, 318,
11030100 111100 11001, 343.
11000100 111100 Bartholomaei, 236,
11030100 111100 11110101, 123.
110ςο100 111100 1110101111, 140, 141,
11030100 111100 Gabeni, 226, 263,
11080100 111100 (1011101, 61.
11030100 111100 (1001101110, 10.
1110111100 Ηο01101, 132.
11030110 111100 11030010, 252, 278,
285, 385.
11000100 111100 Ηο01111111, 75.
110ςο100 111100 10110110, 129.
110800011Ιί0 100000111, 181.
11080100 111100 Milonis, 21.
110ςο100 111100 1110110Ιο1, 225, 287,
11030100 111100 0111001011, 279.
11080100 111100 Pagani, 401.
110ςο100 111100 Ρο111, 37, 167, 262.
11080100 111100 1101101010, 268, 355.
Regem 61100 11001101, 4.
110ςο100311υο 11011, 2.
11000100 111100 110101011, 95.
11030100 filius 110ηο111111, 126.
1103011ιο 111100 11100011, 181, 240,
259, 239, 369, 370.

579

110ςο100 filius 11011001, 25, 64,
111, 125, 128, 230, 233,
249, 290.
11080100 111100 110ςο11, 266.
11030100 111100 8010000010, 251.
11030100111100 80110010, 225.
3030100611υο 81110011, 294.
110ςο100 111100 Simonis, 269.
11080100 111100 81001111, 123.
11080100 filius 8001111, 171.
11080100 111100 Το131011, 186.
11030100 111100 11011011, 138.
11000100 111100 warneri, 254.
11030100 filius willielmi, 108, 111,
149, 151, 283, 332, 415,
11030100 pater 1110111111, 415.
11080100 10 Bigod, Comes, 337,
11030100 Α10111111000000 110 8011,
110ςο100 Α10111111000000, 33,

111300 11110 01010 11111 nobem,
0.,0οΞ11100000 le 111000,
11030100 2111100 Stephani 11101,
0100141111.. 10110110 nemer,
3000101111υο .......... 34.
11030100 11010160101111 de Cmnvffl,
11030101211001 110ςί00161 110111·
8001, 60. .
11080100 11010111111101101 de Man·
dengefl, 255.
11030100 frater .......... 399.
110ςο0, 811000 (10, 17, 246.
110300, Simon 111100, 16, 17,
Reges, 3111101000 de, 324.
11000010, willielmus 111100, 378.
1101101001101110100111, 396.
11000100, Ρ1101 de cruce, 359.
1101101010 001110 willielmi 11οΤ01010,
110110οξ1191110111011000 110, 150.
110100, 199.
11010000, lib 11011001 10, 439.

1’1‘2

 

