INDEX. 587

Simplingham, Pn'or de, 995, 399, 811111, 11111111111161, 944, 411,
899, 411, 419. 446.
811111, Τ11111111111, 199. 8111111, Simon de, 96.
8111Α11111, Radulphus‚ 999308. 8111111, 1111111111111, 96.
8113111111, (1111111111 de, 114. Soliue, terra de, 46.
81111111, 1111111111111, 984. Sopelond - 8111111111 Βο1111111,
81111111, 1111111111 (11, 993. 909.
8111, 111111111111, 391. 81ρί11111, 11111, 811. 11, 314, 377.
8111111111, 1111111111, 11 Margareta Sopilande‚ 81111, 8111111111, 811-
8111111181111111111111111111 Humani 811111111ῗπ111111111111 (1116181114, m
(11, 913. 8111111111, walterus, 182.
8111111111, 8111111111, 1111111111111111, Some, Sernes, Η11111111111, 994,
lmmwmmm mmm
8111111111, 8111111111, willielmus 8111111, (1111111111, 49.
(11, 138, 150. 8111111111ιῖ, willielmus de, 939,
811111111111, 11101111111111, 333. 941.
8111111111Λ1111111 de, 80. 8111111, Α111111111, 376.
siwardi, Alicia 11111, 159. 8111111111, 1111111111, 947.
81111111, 11131111 filius, 193. 8111111111, 1111111111 (11, 936.
siwardi 111831, 1113111Ιά11 filius, 8111111111, 111οῆ apud, 951.
376. 81111, 11111111111111, 66.
siwardus, 57. 81111, osbertus 111111, 983.
811111, 1111111111 (11, 997. 8111111111, 11111111111111111, 74.
Skedingetofi, terra in, 95. spallinges, Prior (11, 108.

8111ἦ1111, 1111111111 (11, 960. 8111111111, 1111111111 11111111 (11,

8111 1, 11111111 de, 979. l.

81111111, 11111, 111. 11, 397. 8111111,611111111111, 159.
81181111, Hugo (11, 169. 81111111, 1111111111111, 119.

811, 1111111111111, 979. 8111111111, hundredum (11, 914.
811111, 1116111111 (11, 989. sperling} WillielmuS, 394.
8111111111, 11111, 811. 11, 196. 8111111111, 1111111161, 986.
8111011111, 1111111111 de, 185, 8111111111, 163, 169.

186. Spincv 931.

8111111111, 11111111. 11, 149. spineto, 1111111111111111, 83, 111.
Suarinsg, Philippus (11, 967, 355. 8111113, 111111111111111111, 109.
81111111ῑοῦ 11 Leicestf,¹ 111111 spone, Hugo, 199.

apud, 114. 8111111111, terrain, 415.
Suamingsg, Gilbertus de, 135. 81111311, 989.

81111, 186. Sprot, Iaeuegar, 907.
81111, 11111111111111111, 981. sprot, 1101111111, 907.
8111111 vel Snowit uxor willielmi 8111111111, terrain, 94.

11 Ρ111111111, 54. stabulm Ebrardus, 150.
81111113, 173. 8111111111, 1111111111, 199.
8111111, soba, Soberi, 1111111111111 81111111, 919.

de, 931, 949, 493. stafford sive 81111, ke„ 43, 45,
81111111, Prior 111, 991. 61, 85, 110, 149, 954,
81111111, 1111111111 de, 998. 995.

81111111, 111111111111111, 998. stafford, 1111111111 Archia (11, 3,
Solem, 8163111389, 336· 55.

 

