INDEX.

16316, 1166611666 66 Μ616661 (16,
Lenem, 1163166666 66, 984.
lengo, Simon de, 437.
16166611666116-1616816, 7, 18, 69,
66, 79, 96, 97, 98, 114,
116, 195, 134, 136, 937,
953, 957, 966, 986, 998,
309, 303, 304, 310, 393,
397, 349, 371, 380, 404,
mmmm

1611, Justio opud, 957.

laicate, Snarkeston in, 114.

16166611, 6111166 66, 316.

16166611, 061666, 179.

16166611, 111661666 66, 304.

16166611, 111111611666 66, 97, 137.

Ι6111616,1666116616, 419.

16111616, 1168166666 66, 416.

1616666, Hugo de, 178, 969.

16161, 16166666 66, 00.

1611611, 6666116666, 937.

161616, Prior de, 141.

16116, 116611666 66, 988, 404.

16116, 111661666 66, 404.

Idan, Robertus (16, 966

1611666111, Willielrnus de, 984.

16111, Rodulphus 61166 1166616111
6111, 189.

161666, 16166666, 941.

16663111611616166, 451.

16616666, 116661166 filius, 940.

heminton, 1161161666 66, 5.

1666611611, 1161161166 66, 430.

16616611161161166, 930.

lenham, Rodulphus 66, 390.

16666, 1666616661166 in, 419,

16666, liberum tenementum 16,
369, 398.

16666, Alexander 66, 999.

lanfr, Anninus de, 997.

lanfr, Golfridus de, 908.

16611, Hugo de, 908.

16611, 16666, 1611, Magister Regi-
ualdus de, 943, 959, 957,
mmmmm

16611, lenna, Robertur de, 305.

16611, willielmus de, 998

Lentuli, 16166666 66, 194, 135.

1161. Con. 1166.

545

166, carpentarius, 61 Alicio 6116
Cristionae 6161166166, 910.
16666861ἀ 1166616666 66 Sancto,

Leodegor, 11166666 66 sancto.

1666616166 Ginnes, Prior Sancti,

16661566, Hugo de, 901.

1611686616, 16166666 (16, 361.

16661616 (16 66166611, 1161161111
61166, 180.

16666661, Hugo, 437.

16661616, 16116 16, 53

latren& 1661111686, 1166611116,
306, 319.

1661166ξ, 111111611666, 61 Μ611166
soror ejus, 913

1611616, 178

1611616 uxor Henriei de Pinkeni,

leticia qnae fuit uxor 11166161 66.
calae, 350.

16116116, 11636166 66 Μ616661 61,

1611611, 6666116 ud, 131.

1611611, Prior (1, 398, 403

1611611, 1116111666 66, 139.

16661, Hngo de, 103.

166611661666361, 180, 906.

1666166616, 111111611666 66, 318.

16661666, 1166661166 66, 959.

166666, 1616666661166, 150.

16666616, 1161161166 61166, 300.

16661161, 1116161616 6116, 140.

16666, 90.

1666611616, Prior 66, 930, 300,

16616, 1161161166 66, 300.

166166 uxor 1616661 66 Upping‚
370, 383

166116 poter 11116616, 156.

16666166, 166161616, 16666166,
16166666, 16166666, 119,
939, 970, 371, 437.

16666166, 16666166, willielmus,

16161166, Alanus 61166 Sacerdoti·
66, 111.

lewes, 1166666166, 974, 307.

NN

 

