INDEX.

61188188, 1811118881 118, 81 3811111
81181881, 175.

618811 uxor illielmi Cumin, 351,

61811111, 1111811881 118, 81 Υ11118111
uxor ejus, 256.

Gregorii, willielmus 61181, 44, 49,

Gregorius, 40, 935, 973, 331.

Gregorius — Magister, 397.

61881νί11, Α11181118, 58.

6181811111, 1118111181 de, 72.

6188881181, Willielmuo, 947.

6188818111, Walterus de, 172.

6188881118, mesuagium in, 414.

6188811888, osbertus de, 185.

(irenen, 61888818, 61888811, 184,
181, 188, 181, 188188,
1811181181, 181, 181,
198, 199, 900, 901, 907,

61888186, 1111111118, 930.

6188111611811881, 381.

6188838868, Η11811181118, 195.

61811811, Simon de, 146.

6111118, 1118111181, 909.

61111118 61181 Η8’1111111 cogn, 234.

Grim, 3881111181, 980, 396, 397.

61181, Elias, 68

61181, 1111181 1181, 976, 393.

61118, 1118111181, 185.

61181, Simon, 68

61181, willielmus, 371, 413.

61181 61181 Sexi, 934.

6111811116, Willielmus, 109.

61181818818, 1118111181 118, 146.

61181811811, 1118111181 (18, 98

6118181186, Β1111881881 (18, 980.

6118181186, ............ de, 379.

6118811811), liberum tenementum

Grippinge, Walteruo 118, 199.

611181811, Reginnldns 118, 100.

61118111, Willielmns de, 100.

Gritorp, lin tenementum in, 145.

61888, Rogerns de, 395.

61881, Adam, 315.

61111186, 330.

68118111, 1181181181 61181, 81 Anicia
quoe fuit uxor ejus, 199.

Gudredi, 0118611111, 88

6111118 61181 Η881181, 344.

68188811, willielmus 61181, 73, 74.

681118811, 1118111181 61181 willielmi

681881, 18818881, 993.

611181 61181 11881181, 130.

68118116, 1181181181 61181, 343.

6811, Andreas 18, 440.

Guiz, 18 6881, 6811, Simon de,
308, 344, 350, 353, 391,
417, 433.

6881111811, 944.

6811, 1111881181, 346.

6881118111, 68811181, 688111, Co·
18111111, 190, 999, 939, 985,

6881118118, Simon filius, 943.

6881111111 uxor Roberti filii 118188,

6881111, 68881181, 61188116, 688-
11816, 186, 995, 396.

68811111 uxor Toli, 98

6118111 Η’81118ξ, 11116111, 99.

688811 uxor Briefi 6111 1116818111,

688888818111111818111 6111811881,

6888811 uxor Roberti 6111 11111811,

61181, 6118881181, 6111888881, filius,

Gunter, Philip 81, 183.

688181, Willieiinus, 919.

68881161 uxor Gileberti Hmpede·
1818, 987.

61188118, 984

Gummi, 1118811181 118, 180, 906.

68811, 11838181 118, 178.

61181, 81818818, 976.

68111116, 1811118, 141.

Gwez, Wiliielmus 118, 117.

Gwido 181 1188111118 1188188111

wardo, 65.
6111118811, 1118111181 61181, 110.
6111118811, willielmus filius, 43.

o ....... reod·mss=t-7—·‚rmin.1⁴o.

 

