INDEX.

Dacus, willielmus, 85, 88, 334,
335, 377, 378, 380, 304,
345, 378, 389, 403.

110001, Willielmus, 0113011110 uxor
ejus, 390.

1106108106, 0001011060, 333.

1111305010, Ηο11110111110, 438.

11010, 1110111601 111101, 334, 346.

1101111011, (1110111601 60, 374.

1101111110110111101, 379.

110111ῑοῖ1, 11501001 tenementum iu,

11011111, 138.

11015001, 1103010160, 341.

1101110, 5010111 111, 403.

During, terra in, 317.

During, Reginnldus de, 334.

1111111111, 1110016111 60, 364.

During, Rogenrs de, 367.

11111011, 1105111101 60, 331.

1101050111, 110601 hus, 353

110105011111111110111101, 353.

1101115110, 11010511, (1011111601, 390
399, 405.

1101115110,110601ρ501, 398.

1101110101, 1108010160, 334.

110ωο111011, 5010010160, 447.

1100000111, Clerici de, 431.

Derieis, 1100015010, hundredum 60,

1101111, 1111501101, 108.

11008010, terrain, 340.

Daniel 111101 1111111011111, 336.

1101101011111 villata de Bello Campo,

Dunnrartin, Albricus de, 141, 358.

1100 51011111, 11010601, 389.

Dan 111011101101101111110, 3, 3.

1101111111, ,10110111 60, 303.

11001111, 1050111101 60, 343.

11011101, 1101111601, 34.

11016000, liudulphus, et Thomas
111101 ejus, 134.

11116000, 11000101, 391.

11016000, 11111110111101, 01 110160 uxor
ejus, 014.

1101001, 11100101, 379.

1111110601 vei De Α1011601, 111111101-
mus Prior, 405.

1101110100, 0001011060, 339.

489

1100011011, 1111501101 110, 405.

Duugnes, walterus, 330.

1100111110110001111, Simon de, 330,
333, 364, 384.

11001, 11ίο0160160, 431.

1100101, Μο150111 110, 333.

1100101110 1150106, 95.

1100105, Ηο601601 110, 95.

David, 375, 444.

1101160001 Burbu, 374.

David, Comes, 339, 344, 350, 411,
413, 433, 444.

110116110501101, 343.

110016,11111110111101, 44, 135.

David 111101 1110110111, 371.

11011611, 1110111601 filius, 165, 330,

11001611, 11011010161101, 195.

110νί1111, 60, 330.

1100110, 11060, 354.

1105505010, 1006 1111111111, 18.

11001100101,110501101, 368.

1101011110,Μο11100160, 434.

11011010, Rudulphuele, 370.

110110, 1111101601 60, 149.

Bene, 011011 apud, 337.

110110, Α111111601 110, 361.

110110, (1110501101 60 10, 337, 383,

110110, (1060111601 6011, 33.

1100011060, 381, 388, 376.

110110, 1106010501 60 10, 58.

110110, 15011111 60 10, 383.

Dene, 1110111101 16, 186.

11011106, (10051601 60, 390.

110ρο6011, 10110111, 196.

11011111οξ, willielmus de, 384.

1101105010, 11Ιί10111 110, 301.

1101051, 1101051111, 100, 134, 317,

1101051, 110160 60, 303.

1101051, Μο1110101 60, 357.

1101051, Philippus de, 410.

1101051, 11050110160, 138.

1101010111, Adam de, 383.

1101010111, (1110501101 60, 404.

1101050111, Prior 60, 7.

1101015010, 1066110101, 70.

1101015010, 1110011101 60, 71.

11111015οῄ, 1001110, 435.

 

