INDEX.

1181116616 16118811, 115.
Η8666ἀέ11ἓ1668 61168 11111181161

531

1181816111, 11868168 68, 177.
Hemib‘ss, 110αὲ181611 Cimmemrius

Henxtewrth, Margareta de, 243. 118181868, 1111161668 68, 58
1186118666, 116681168 68, 243. 1181861116 61168 Η8116811161, 206.

1186686116, 8886118 66, 237.
118168111, Alanus 61168, 54.

Η818618111 68 8161886661118, Η811·

1186861168, 178

1181611111, 16661668 61168, 168 Η818681, (16611 filius, 107.

118168111, Η8611868 61168, 54.

Η81861818, Μ8111668, 149.

Η8168111, Η81868111, Η81681168, Η8181181Α11818 6118, 36.

§gehenne 61168, 37, 115,

Η8181181Η8611868 61168, 206.

118181181111111811668 filius, 34, 74.

118168111,Η81868111,Μ811186861168, Η8181181, - 111111811668 Clericus

239, 313, 397.

0868111 111168, 44.

Η8168111, Μ81118118 611688116681618 1181811868, 324.

uxor ejus, 313.
Η8168111, Ρ81168 61168, 37.
118168111, 1186618668 61168, 408.
1111168111, 116681168 61168, 32, 274.
118168111, Simon 61168, 224.
Η8168111, 1668111188 61168 11811811
11816811ίέ1 68 1166886811, 61661168

168, 161.

1181681168, Η818681168, 260, 275.
1181681168, 1181868668, 61168 Η81-

68111, 611118 Η81868111, 37,
1181681168 61168 1186611161, 197.
1181681168 1111688686, 281.
Η81681168 61168 willielmi, 117.
1181681168 61168 (11116816 118661,

1181681168 nepos Η8181111, 414.
11816616611, 11811861 68, 238.

1181866, willielmus de, 445.
118168661ξ, Hugo de, 61.
Η81686186116181116, 68.
1181681118116, 8881881868, 2
11816186886611, 1111686668 68, 78.
11818161688118 - Η8181616 -- 818,
11, 66, ee, 109, 110, 116,
144, 250, 260, 268, 271,
203, 295, 299, 335, 394,
426, 446.
nereford, tenementum in, 430.
118181616,116861 de, 123.
1181111616, 1166166668 68, 30.
1181816111, 11668168 68, 116.
1181816111, Thomna 68, 275.

1181111868 61168 Eustachii, Eustacii,
308, 435, 436.
Η8111868 61168 11111181611, 250.
Hereum 116681168, 179.
11818118161, Petrus filius, 99.
Herewardi, Regimldus 61168, 4.
Η818118161 cogn, Griffunfilius, 234.
118181181668 puter Magistri 118661-
1181181616ξ,18118 16, 50.
11811616, 18118, &c- in, 88.
Η811616, 111111816168 68, 170.
118111681, (1668111168, 106.
Η81181, 111881668 68, 132.
118118111, 111881668 68, 421.
1181188188, terrain, 190.
11811861, liudulphus de, 323
Η811868, hundredum de, 180, 208.
11811868, 1111181668, Η811181668, 68,
150, 354, 401.
11811888, 11111186668 61168 118168161
68, 354.
118118818, willielmus 68, 62.
Η811881611, terrain, 409.
Herletofi, 88818818 68, 76.
Η81188111, liudulphus 61168, 20.
1181168111, liudulphus de, 239.
Η8116861, Simon 68, 241.
Herlingho, Gregorius de, 403
11811166, 1161861118 68, 290.
6866866818, 1186118118 68, 27.
1181618168 pater Petri Pmonoe 68
1118111166, 142
Η8168161 68 68118118, willielmus
111168. 354.

16112

 

