15535 609

116631515361153 11611, 937. 1166511553 61153 1151151499.
1166515153 61153 11655611, 364. 111111515153611531151151, 399, 413.
willielmus 61153 11611151, 153. 1166515153 61153 1166511511, 394.
1111651515316153 615161, 997. willielmus filius Huberti‚ 193.
willielmus 16153 Alexandri, 150, willielmus 61153 H 51, 995.

319. willielmus filius 11685513, 975,
1166515153 61153 665151, 70. 343, 349, 361.
willielmus 6653 6151561, 173, 347, willielmus 6653 3553, 309.

379, 441.’ willielmus 6653351135513, 93, 159,
1166511553 filius 11561353, 173, 194. 990, 956, 966, 996, 333,
116651515361153 1111511, 199, 193. 364.
willielmus 11653 1131151151, 991. 1166515153 66531516551, 976.
1166315153 61153 65651151, 40. willielmus 61153 lvonis, 100.
1166515153 61153 Augai, 194. 1116161553 6653 Lueoe, 5101136515
willielmus 6653 1151155113, 179. 51151 ejus, 199.
willielmus 6653 65115611, 913, 997, willielmus 61153 Martini, 967.

999, 309, 419, 449. 1166515153 filius Matlliae, 36,135,
willielmus 61153 63161151, 353. 196.
willielmus filius B’fi, 197. 1166515153 61153 Matilldae, 369
1166611153 6653 11515561, 963. 1166311553 61153 Μ5511511, 310,
willielmus 111153 Edrit'·q 906. 416.

1116161553 61153 Eliae, 99, 93. willielmus 61153 Milonis, 994, 959,
1166515153 61153 Emae, 999. 994.

1166515153 6653 Emi& 347. willielmus filius Nicholai, 949.
1166511553 61153 65351511, 196. 1116165153 filius Nigelli, 99, 303,
willielmus 61153 berardi, 979, 369

405. 1166315153 61153 1151515551, 900,
111111511553665315111561, 139. 901, 996, 999.
willielmus filius 1151115116, 64. willielmus 61153 odonis, 73, 306,
willielmus 61153 1511156, 17. 319.
willielmus 61153 6561161, (13511161, willielmus 111153 oliveri, 976. ·

15 131, 153, 155 315, willielmus 553 osberti, 55, 151,

959, 999, 993, 994, 339. 999.

1166515153 61153 (1315161, 195, 905. willielmus 6653 0615513, 916, 315,
111165151531111530515161, 109, 194. 391, 396, 419.
willielmus 61153 (13115311, 967. 1166511553 66113 1153551, 134, 135.
1111665153 61153 Gileberti, Gillo· willielmus 61153 Petri, 319.

berti, 943, 306, 319, 369. willielmus 11653 11151561, 944.
1166515153 61153 (15656161, 151, 1161165153 61153111111111111116115111,

997, 993, 957, 333. 108, 165, 199, 997, 301.
1166515153 61153 (15611151, 179, willielmus filius 1156165111, 1155-

909, 906, 939, 346. 55111111, 11511516, 145, 179,
1166515153 61153 Gregorii, 44, 49, 177, 195, 901, 917, 999,

100. 996, 993, 933, 949, 946,
willielmus 61153 (15165513, 43, 73 950, 969 970, 979, 999,
willielmus 61153 1111161511, 999 994, 307, 309, 310, 364,
111111515115111153115115, 369. 399, 403, 417, 495, 439,
willielmus 61153 11551151, 930, 959, 447.

317, 319, 369, 399, 400. 1111115115536653115115111115151115·
willielmus 61153 11555151, 34, 74. 11165 soror 5153, 319.

11111. Cen. 1115.. 11 R

 

