INDEX.

6111111111, 6111111101, 6110111111-
seri, Rennfridi, 1, 316.
61111111111611111 Ricardi, 954.
6111111111 611013011111, 186, 198,
900, 996, 930, 986.
6111111101 filius Simonis, 459.
(1111111101 611111 8111111ξ, 999.
6111111101 611111 Viuiani, 411.
6111111101 filius Walini, 986.
6111111101611111 Warini, 901.
6111111111, 6111111101, 611111 Willi-
elmi, 66, 399, 499.
6111111111 frater Rogeri, 370.
6111111111 frater Τ1111111111, 984.
6111111111 611111 61111111 de Hach-
Gilebertus frater 60111111111 6111
6111111111116110111111 11180111·
getofi, 6111 1111111, 984, 459.
6111111101 homo alteri de 11111-
ham, 330.
6111181111, 111011 apud, 933.
61111 ham, Ἰ110110110111111, 385.
Gimig willielmus de, 377.
61111, 8031101111, 151, 157.
6111311, manerium (11, 335.
6111311, villa de, 909, 910.
6111111, Prior Sancti Leonardi de,
61111111, 1111111, 198
6101111111, 0111111111, 375.
61111111, 979.
61101111, 1111110111, 34, 109.
6111111111, Stephanus 111, 964.
(1111111, 6111111, Rogerus de, 139,
146, 306, 319, 383.
(11111111, mariscus de, 387.
(1116111116, osbertus de, 309, 388
(1111111111, 1110111111 111, 343
Glamvffl, 0111111111 (11, 198.
(1111111016, Alexander de, 499.
61111116, 1101111111 111, 319.
(11111111, 01111111 111, 81, 198.

(11111116,11111111111111111,94, 941.
(1111111111, 1111111111111111, 313, 409.
61111111, (1111611101 6111119111111111
611116,ᾶὲπέ6111. 11, 197.
61111111, Philippus 111, 151.

598

61111111, 1111111111 111, 151.

61111111, Sigarus de, 151.

(1111111, 1101111111, 318.

6111111116, 6111111111, 1111110111111,
39, 433, 434.

6111111, 1101111111, 161.

6111111111, 1110111 ud, 198,

(1111111111, Ed 111111, 198

6111111111, 1101111111 filius 611111111
(11, 198.

6111111111, 1101111111 111, 50, 51.

6111111111, Alanus 111, 73

611111, 30811111 111, 989.

6101011111011 - 6106, 61016,
610115, 610.,4, 7, 14, 36,
55, 76,89, 110, 111, 191,
994, 995, 935, 936, 959,
959, 963, 965, 968, 975,
977, 991, 999, 993, 300,
303, 306, 313, 393, 336,
349, 358, 388, 389, 396,
409, 418, 495, 435.

61010, 1111111111, 30.

610115, 6101101111, 61001111111, Ri-
cardus archidiaconus, 977,
349, 388.

61013 willielmus Comes, 40.

6101101111, 1111111111 111, 977.

6111611111111111111, 19

(1001 10101 Margaretae, 963.

60111 61111 11111111, 1111111111, 106,

60111 1111 6111 uxor Alani 6111

erberti, 54.

(10111111, Ricardus, 191.

6011111101 filius 8101111111, 9.

(1061111601 filius hunberti, 305,

6061111111, Alanus filius, 170.

(1011161111, ι10111111 filius, 19, 999,
376, 380, 395, 437.

(1011161111, Μ1111111111 6111, 58

(1011161111, 8110061111, 179.

(1011161111, willielmus 611111, 151,
997, 998, 957, 333.

(1011161111, Η111110111 frater, 405.

(1061111111, Radulphus pater, 19.

(1011111111, Η1111111 uxor, 301.

6011161111 6111 11311111, 6111111111
frater, 1119.

 

