664 nuum

19616611, Nicholaus de, 978 91661111, 86-66111.
Weluetham, 1911116166 (16, 941. 117, 118, 119, 190, 191,
19616166 uoe 1111161161Ε66111,909. 193, 194, 195, 196, 197,
966166116666166, 99. 198, 199, 130, 131, 139,
19666666, 1116611166 (16, 189. 133, 134, 135, 137, 149,
Wenesingesti, hundredum de, 181. 144, 146, 148, 149, 150,
196 16116, 91616, 165. 151, 153, 156, 169, 171,
9611616619, 16116, &c- in, 410. 184, 187, 199, 193, 194,
916616661111, Henricus de, 985. 196, 901, 911, 919, 913,
196616619196116166 de, 980, 985. 917, 936, 945, 958, 961,
916 ' 16116 (16, 95. 979, 973, 975, 301, 308,
werd, 1111616166 (16, 410. 309, 310, 311, 315, 316,
19616161619111161111116116, 979. 317, 319, 390, 391, 399,
196161, Johannes (16, 394. 393, 394, 397, 330, 339,
91616616, 66616616 (16, 376. 333, 334, 335, 336, 337,
1961116111οῆ 161161116611, 666611 apud, 338, 339, 340, 341, 349,
z 150. 345, 346, 347, 348, 356,
196161611611, 1111666, 913, 918 370, 371, 379, 379, 381,
19616161,(1611166 apud, 161. 381, 384, 385, 390, 393,
1961616116ωῆ,66616616 de, 499. 399, 400, 401, 403, 404,
916666661666616616116, 63. 409, 411, 413, 414, 415,
1961661666, 911111611666, 418 416, 417, 418, 419, 490,
196116161111116 11166161, 49, 43. 491, 494, 495, 496, 498,
196111, 911111611666, 999. 499, 431, 439, 433, 434,
wertin 6, terra in, 66. 467, sss, 416, 441, 111,
1966611911116161116 (16, 385. 445, 450, 453.
9661161661611, 16116 16, 170. westmonasterii, Abbus, 138, 149,
1966666661, Ν161161666116, 13 161, 169, 179, 914, 961,
19661, Robertus de, 180. 965, 975, 305, 397, 353,
1966 homines de, 9. 377, 496, 436.
19661 61, term in, 9. 9166116, Abbas et Conventus de, 19.
1966111111, 1911116116116 de, 9. 99661111, messuagium in, 54.
Westhamme, terra, 61616, 188. 19661111, pistrinum de, 149.
91661116, 1111616 (16, 987. 19661111, 1111616111 (16, 918
1966116616116, tetrade, 93. 9966116666616116, Adam de, 919,
19661111, westmonasterium, l, 9, 3, 939.

4, 5, 7, 8, 9, 10, 11, 19, 916666666616116, 1611116666 (16, 919

13, 14, 16, 17, 18, 19, 94, 916666666616116, Rubertus de, 999.

95, 96, 97, 98, 99, 31, 39, 9166161666616116, Rogerus de, 406.

33, 34, 35, 36, 38, 39, 49, 19661111, 9166111116, 975.

. 43, 44, 46, 47, 49, 51, 59, 19661111, 11161666 Vinitor de, 916.

53, 54, 55, 56, 57, 58, 59, 91661111, 1166611116 deDerhurstpster

60, 61, 69, 63, 64, 65, 68, Matillidae uxoris Adae (16,

71, 79, 73, 75, 76, 77, 78, 913.

79, 80, 81, 89, 83, 84, 85, 9166166616616111, hundredum (16,

6666666 ιω

93, 94, 95, 96, 97, 99, 100, 9166161116116 111, 169.

101, 109, 103, 104, 105, 91661011, villata de, 169.
. 106, 107, 108, 110, 111, 1966161111161661161116, 59.

111, 116, 111,,115, 116, 11661,Βα1111ι611,666.

 

