INDEX. 469

3999199999, 99-9997. 3919177771, 3919171, 145.
254, 255, 257, 262, 265, 3919939τί, 3191791999 filius, 171.
269, 270, 271, 274, 276, 3919939999, 169.
279, 280, 284, 290, 291, 39197, Μ1917991, 97 37777779 tutor
999, 999, 994 999, 999, ejus, 999 994, 999.
306, 312, 318, 319, 326, 39197, 3017977779, 122.
328, 336, 338, 340, 343, 391911, Hmno, 180, 184.
344, 345, 350, 352, 355, 3919779, HugO, 180.
359, 361, 368, 370, 371, 39119 Valle, Gaufridus (19, 190.
979, 999, 990, 999, 497, Reum, Magneta de, 747.
499, 479, 477, 497, 499 &1100me terra in, 70.
429, 433, 437, 440, 444, 39119 Campo, Albricus de, 403.
445, 453. 39119 Campo, 11971919 (19, 257.
39991, Α1791 (19, 97. 39119 Campo, Hugo de, 103, 107,
397191, Bed, Adam de, 340, 344, 115, 120, 336, 375.
350. 39119 Campo, Hugo de, et 7111977979
Bedet lvo de, 292. uxor ejus, 106.
3971919711, 39997799 (19, 295. 39119 Campo, Radulphus (19, 2,
39091, walterus (19, 90. 173.
39991331199977999, 199. 39119 0979 3919911779, 399-
3909197717, Simon (19, 236. 97719339, (19, 273, 380.
Bedefunt, Matiflida de, 212. 39119 Campo, Ricardus (19, 77, 81,
Bed 179777, 31997999 (19, 133. 244, 262.
3999199917999, 1919177779 (19, 8. 39119 Campo, 31997999 (19, 97 Avi-
39991171111797799, 398. 919 97797 ejus, 395.
3971911 (19 Egelton, willielmus, Bello Campo, Simon (19, 11, 111,
88, 114, 278, 279, 328, 340,
3971999911, 79779 in, 194. 396, 401, 402, 441, 444,
39999911, 79779 in, 439. 449.
Befflgffild, 7199777719, l. Bello 0977799, Stephanus (19, Stes·
Bedig ‚ 99919919 89779797Μ97197 fanus, 188, 194, 305, 311,
1999997999 (19, 1. 319, 385.
Bedighnm, Benedictus (19, 1. 39119 Campo, Willielmun de, 64.
3971177899, 79779 177, 90. 39119 0977799 Stephanus de Bello
Bedingham, 111971 (19, 132. Campo pater Stephani de,
Begeduii, redditus in, 309. 384.
39111799, 11939799, 37. 39119 07977 39179799 filiun 111-
3919697, 31997999 (19, 185. “ (19, 395.
3917977779, hundredum de, 183. 39119 Campo 3999797719 -1199977,
3914999911, Radulphus (19, 103. 779 (19, 173.
3919997917, 8997991119 (19, 103. 39119 Campo (19 Herum, Philippus
3919977779, manerium (19, 13. (19, 183.
391417779ιῖ, 99919919 (19, 10. 39119 ano, Martium (19, 126.
3911777971, 79779 in, 32. 39119 ano, Martinus de, 97 (1119
391, Τ179917919779, 179. 99979199, 19.
Beki, willielmus (19, 97 397979 39119 Monte, nuit (19, 225.
uxor ejus, 264. 39119 Monte, 1917979799 (19, 227,

3919 Ρ979179, 3917977779 filius Ro· 301.
berti de, 131. 39119 Μ9979, 3199771779 (19, 260,

3919697179, walterus, 58. 264, 909, 387.
77 77 9

 

