482 11101111.

0116666, 16116 ’16, 374. 0066661, willielmus de, 274.
0116661, 0111111166 16, 20, 96. 0116166616, 0606116616, 55.
011661, 1166616616, 236. 0066611111111616166 16, 203.
00606061, 1611616, 76. Cbeuelingewurde, Henricus 16, et
0066061, Elias, 394. Henricus 111166 61116ι 116.
00616, 1116611116, 228. 006616, willielmus filius (1111111,
00616166ου616, 11111616, 300. 94.

0061661611, 0061666160, Η6061166 0066166111, vals de, 367.

16, 275, 393. 0016616161, 1116116166, 188.
00610661, terra, 81616, 80, 420. 0010060616, Adam de, 115.
Chein, 0606116616, 288. 001606616, Willielmus de, 115.
0061661611, 116161ρο6616, 172. 001166161611, burgus 16, 202.
0061606116, Hugo 16, 72. 0016611166, walterus, 164.
0061616111, 1611681616, 32, 81. 0011161616, 6666666111, 225.
0061616111, 1661616, 32. 011111 ....... 0611111166 16, 158.
0061616111, Lucas de, 81. 0111116, Simon de, 149.
0061611616111111161616616, 44, 0011161616, Η6611666 16, 142.
00116616, 1666611661 16, 436. 00111616, 06616166 (16, 156.
0061166161611,0116116161616, 202, 0111116, redditus in, 309.

209. 0011160661, 1611616, 425.

006166, 1161161111 16, 267. 0011160661, Runnulphus 16, 425.
0066066061, 16116 16, 5. 0011166, 06061166 16, 133.
006661, Rogerus 16, 198. 0011616, Ε116 161, 181.

006616 111, Prior 16, 429. 0111616116, 0161616, 141.
0061611116116616, 105. 00111160, 6661661616, 317.
006106 ”, Thomas de, 123. Chiselhonitoii⁹ Matillda 16, 296.
0061066166, 11166166 16, 122. 0016661611, (1611661166 (16, 420.
0061116161, 1160611116 111166 11166111 00161160, 1161161116 (16, 435.

16, ll. 0016161, terra, 816. in, 442.
00616ου16, 110066 16, 130. 001661, Magister Helius 16, 3.
00616061661606666616, 140. 0016111, 01166666 16, 197.
0061611111, Radulphus de, 241. 01116111, 011111111111111161616616, 174,
0061611111, Waloerus de, 241. 197.
0061ίςξ, 11166116, 8. 0016111, Sarra 11116 willielmi 16,
0116116166, 1169616616, 72. 379.

00611666, 16066666 16, 222. 00111111, 1611616 16, 122.

00611166, advo& 66616616 16, 240. 006116, 11066166, pater Absolonis,

006111, 16116 16, 353. 326.

0061161611, 16116 16, 434. 0061111166, 1111116166, 123

0116116661, feodum in, 383. 00660, 1160611116 16, 236.

0061161161, pratum in, 366. 0111161166, 1161161116, 237.

00611616, 11111666, 79. 0161611666, Philippus filius, 3⁰6,

0061116ξ, Philippus Caretarius 16 333. 2
16213· (v. 0011606816)

00616111, 01661166 16, 238. Cibi, willielmus, 113.

0116661, iohannes, 294. 0166611, 66616616 8666116 Trinitatis,

00661616, Rogerus Presbiter de, 12.

124. 0166611, Episcopus, 12.
0066111101611681616, 355. 0166611, Demus 61 06666161 du
0116611111, 1161111166 16, 355. 343, 350.

 

