INDEX.

11116111611661111, 11666661, 243
111161 36116611, Hernicus, Her·
veius, 11611661, 234, 303,
321, 322, 330, 404, 435,
111161 Eustachii, osbertus, 100.
111161 11666611, Serio, 179, 203.
1116136116611111111611661, 196.
111161 Eustachii de (16616111, Hen-
veius, 324
111161 11166, Alanus, 114.
Filius Evae, Simon, 25, 34, 75,
111161131616161, Petrus, 33
111161Εν616161,111661·1161, 335.
111161 31616161, 11636161, 140,141,
1111111111616161, 111111611661, 273,
111116111666661, 1161161161, 443
111161 16111616, willielmus, 132.
11161116166611161166661, 294.
111161 16166611, 111666116Ιά61, 169.
111611161661161,111111611661, 64
11116111616666111161161661, 299.
Filius Fulberti, 366616, 64.
111161 161611611, Η6611661, 193.
111161 1111611611, 1611116661, 72.
11116116166611, (161111661, (166111
mmmmm
11116116166611, Martinus, 303
111161 16166611, 1166661661, et
Alienon 61161 ejus, 3.
Filius Fulkonis, willielmus, 17.
111161 1111116611 poter Henrici,
11666661, 64, 65.
111161 (1611111, 01666661, 131.
F 11161 (161161, 1161161161, 142.
16666 G 6 6.)
Filius (16611161, diiii, 152.
Filius (16111161, 1111661661, 212.
111161 (16111161, (16611161, Alanus,
111161 (16611161, (1., 333.
Filius (16111161, (1611116111, (166111-
661, 140, 177, 231, 252,
275, 237, 323, 395, 401.
111161 (16111161, (16161661, 42.

. Filius (16611161, 11616661, 243

603

Filius (16611161, 11666661, 306,
111161 (16611161161166661, 172
Filius (16611161, lvo, 230.
Filius Galfridi, Joeephus, 109.
111161 (16611161, 1161666161, 275.
111161 (16611161, Ν161161661, 244.
111161 (16611161, Petrus, 271.
111161 (16111161, (16611161, 116661·
mmmmm
371, 332, 437.
111161 (16611161, 1161161161, 443.
111161 (1611116111611616161, 76, 131,
166, 240, 259, 233, 293,
294, 332.
111161 (16111161 (1116616, willielmus,
111161 (16611161 66 1116166166,
willielmus, 126.
111161 (1661111636, 331.
111161 (161, 11166161, 104.
111161 (1616161, 11611661, 171.
111161 (1616161, Adam, 237, 407.
1111111 (1616161, 116666161161, 447.
Filius (1616161, aicardus, 200, 201,
243 251, 252.
111161 (1616161, 1161161161, 330.
Filius (1616161, 1161161611, 212.
Filius (1616161, willielmus, 134,
195, 205.
111161 (1616161 66 1111611616, (1116-
bertus, 193.
Filius Geroldi, (16166161, 126.
Filius (1616161, Η6611661, 193.
111161 (1616161, willielmus, 103,
Filius (16116111, willielmus, 267.
Filius (11116161, (1116111661, 447.
111161 (1116116111, 1166616111, 292.
111161 (1116116111, liudulphus, 153,
Filius (111661111161161-161, 119, 272,
111161 (11111661, Regem, 226, 263,
111161 (1116116111, walterus, 292,
1111613636111, Wan‘nus, 304.

111161 (1116116111, (1116116111, wil· ·

3311·an 243, 306, 312,

11111

 

