524

INDEX.

600011101 00 110Ιο0501, 10500000 600000005100 10, 417.

110101, 240.
6000111000, 171, 302, 405, 415.
6000111000 111100 11110101, 8.

6010001000, 245.
60101οω0, Ρο110000, 150, 167.
60111οξ 111100 81000101, 209.

6000111000 100100010110000101, 6010οε110, [11001000 00, 123

6000111000 111100 11100101, 25.
, 6000111000 111100 Sigan, 173.
6000111000 111100 1100111051 Ρ1000101,
6000111000 00 ............. 399.
60005000, 600011οξ, 1105011110,
305, 311.
6000100001011000010111, 447.
6000000011100 Elfeini‚ 8.
6000010111, 111001000 00, 242.
6000011, 110501100 00, 98.
60011010, 1100010500, 262.
6001000110, fossatum in, 193.
60010, Ν101101000 filius, 151.
fflQm
6001οξ,11010000 200.
6001οξ, 1100001100 00, 182.
Godinges,
6001101101 Alani de Kaing1‘1‚ 257.
ι 600100, 325.
600100 quoe fuit uxor Rogeri,
600100, ,10100000 pater, 447.
6001105001010, hereditas in, 34.
600110000101010110000000, 241.
6001101, 1105011υο 111100, 346.
60000010, Willielmus, 218.
Godsewein⁹ Alanus, 150.
6000010, walterus, 300.
60001, Rogerus filius, 61.
6000101, Willielmus 111100, 239.
6000101, Albricius filius, 272, 296.
6000101, Ηο011000 111100, 116.
6000101, 10500000 111100, 72.
6000101, Κο101 111100, 346.
6000101, 110ςί001000 111100, 101.
6000101, 1110010011 filius, 179.
6000101, 1111501100 111100, 287.
6000101, Simon filius, 235.
00100100000100000000,
60001000, 295.
60001000 filius Henrici, 350.
60001000 filius Sueting‚ 211.

Herveius de, 102.

6015010, Ηο01100000, 158.
60000, Thomas filius, 133.
60000110, 1100010500, 82.
Goseelini, Amisius 111100, 221.
Goscelinus filius willielmi, 300.
6000011000, —-, et 01010100, Μ.
60001010 - decenne 10, 184.
60000010, 11000100 111100, 10.
001001, 88.

6010000110, 1100010500 de, 129.

Gracia 11110 Agnetis uxoris Thema
de Selebi, 452.

Gran, 1100010500 00, 01 Imhelh
uxor ejus, 308.

6101101, 61011100, 1100010510 de,
mmmm

6101, Alexander de, 151.

6101, ,1011001100 00, 151.

6101010, willielmus de, 133.

61000011, 610000011, 61001001,
11011010εο0, 119, 255, 276,
392, 394.

61000011, 61000011, 6100101111,
Willielmus 00, 89, 253, 290,
291, 390.

61000011, 6111000011, 6100101111,
Walter, 1101101110, 111100 1111-
1101111100, 253, 390.

Granni, Βο101100000, 446.

61001, 81100010, 283

61001, Willielmus, 272.

Grnntedeii³ 10110810. in, 404.

6100100, Hugo 00, 410.

6100100010, 61001001, Α11010 00,

6100100500010500000 0010000 00,

6100000, Ricardus, 249, 287.

6101000011, 10110 10, 374.

61000, Μο5111000, 434.

61000, Paganus de, 167.

61000, 1100010500 00, 253.

61000, Γ11100100 00 10, 303.

6100010, 610001, 1000100010, &e
in, 397, 399.

 

