474 INDEX.

30100, 3000116160, 01316 uxor 361110, Alanus 60, 168, 281.

ejus, 373. 3111006101, 31061661, 199, 200.
30100, Simon 60, 183, 221, 222. 3160 ’ 10131606οή113, 1166610-
30100, 111111οΙ11161 60, 355, 392, 616 60, 163, 169.

393. 3160106, 1111660, 210.

30100, 1116011111 60, 420, 438. 31660, mariscus de, 368.
30106, 31101161 3610τῦ110111 60, 3166010111, 0001011660, 411.

438. 3166οῗ016, 10116 60, 73.
3010111110, Νο116611661 60, 013010- 316601016, 3061106160, 264.

wissa uxor ejus, 80. 31660101630110116160, 252.
30116106, 3106166160, 421. 316601063666111116160, 106.
30116106, Hugo 61161 3106161 60, 3166066030, Guarinus de, 152.

421. 3166016101, hundredum 60, 162
30116106,11101101661 611111 3116161 3166011016, H 60, 158.

60, 421. 3166011011, [ 16] 3616011161 60
301161, 3011101161 60, 72. 111061, 2101
3011, 36301111, 181, 209. 3166011011, 10116 111, 361, 445.
30101, 11111101166160, 428. 3166011011, 6666160, 291.
36101016, 1166016161 60, 126. 31611661, 3611606161 60, 427.
30101061, Μ6611166 60, 134. 31611616, Το01161661 puter 3611601111
3010111060, Clemens de, 106, 107. 60, 427.

3011166-11666, 406. 31611010, 1166016161 60, 90.
3011166, 6010106 (1666161 filii Wil- 31611011, 111111016161 60, 45.

1101611, 289. 31611616 1013161166, 31061661, 59.
30116111 3011661, willielmus, 205. 3161, Η630 60, 361.
30601101611111101166160,293,355. 361163016116101, de, 22, 362
3011116011, 3030111160, 2363161, Lupellus de, et 3611116 qut
361611, 30001161, 50. 6111 6110101611, 23, 26.
301011, 11636 60, 181. 3161, 3611011111 de, 319, 437.
306606, 10166601 60, 296. Β161, Β161, 36301111 60, 112, 146,
306010161661011616160, 192. 167, 266, 361, 399.
30601111 16 3101, 1111616, 80., 188. 31631111110116616643.

30601111, Ηο1111061 60, 165, 1883161, 11630 116101Η63061160, 361.
30601011, 0001011660, 9. 3161111011, 1011660, 71

30661011, 1101101161 60, 198. 3161101, 30611661 filius 30116161
3061611, 0001011660, 224. 60, 76.

3061011 16 36611636, 0110601166, 3161616610116660160, 0131101101

292. uxor ejus, 285.

3061011, 61011 60, 224. 31616166, Μ6111661 60, 244.
3661011, Ρ110160, 144. 31616106, 1113101661 filius 101166-
3061011, 3080116160, 314, 377. 61160, 285.

3011601101, 1011616, 192. 31611611, (16161661 60, 109.
301111, Μ611106160, 141. 3161101016, 116110161 60, 59.
3060, 3011, 616661 60, 175, 325. 3610166606, 11116 60203

30110, 616161106160, 391. 31661606, 0001011660, 317.

30110, Hugo avunculus Alani de, 31616606363016160, 817, 373.

175. 3166110, 1116111061 60, 37 7
30110, 1600116160, 275. 3166111101ωο - mariscus de, 41,
361101, 3011010, 36111016, 6111161 60, 148.

11, 99, 124. 31661166, 016011 apd, 291.

 

