580, anEx

Roinges vel Robinges, tenementum 1150551515, Walterus de, 397.

15, 199. 1111111551, Prior (15, 254.
11515355, 15115 de, 204. 1151115151, Hugo de, 255.
Roinges, Robing, Roinfifflsufridus Ruffus, Adam, 254.

de, 153, 391, 425, 450. 1151155, 41511155, 51 Clemens fil
1151535511 15511155 (15, 328. ejus, 106, 107, 331.
Roinges, Wo winus de, 204. 11111155, Alexander, 284.

11511, 1111151555 (15, 247. 11511115, Benedictus, 263, 377, 414.
Rokele, Godesridus de 15, 43, 1151155, Ε1151551155, 414.

119. 1151155, Gaufridus, 117, 227, 269,
1151515, Philippus de 15, 178, 185, 271, 301, 417.

197. 11511115, Godesridus, 92.

11515115, 15155555115. 15, 334. 11511115, Η5511555, 187.
115151150551111155115, 275. 115115515155555, 99.
1151515511, Thomas de, 282. 11511115, 1115151555, 266.
115155155, 1511515, 316. 11511115, 05151155, 212, 216, 218.
1151551515, 1151115155 Faber de, Ruffus, 1115511155, 117, 303.

, 104. 11111155, Robertus, 189, 190, 259,
1151551110, Gaufridus de, 15. 289, 419.
11515511, Μ511555 filius, 96. 1151155, 1151151115, 243, 278.
115155355, 365. 1151155, 115115155, 115.
115115511, deulphus, 257. 11111155, willielmus, 55, 213.
11551555 Curis, 57, 66. 1151111, 011511555, 01151155, (15, 201,
1155153,055111(1115, 280. 428.
1155511, Petrus de, 143. 1155111, 115151155, 5.
1155, Magister 1511111555 de, 241. 1155115511, 1155111551, 1151515111,
115505151151 de, 181. 115151155, 94, 127, 242,
Ros, Petrus de, 431. 382.
1155, 110115151555529, 57, 183, 1155155515, 1115115555 de, 8.

248, 251. 1155511511ξ, Willielmus, 135.
1155551151, 115151155 filius, 51 Bes· 1155351551555511515 de, 25

trix uxor e'us, 80. 1155, 1151511115, 290.

1155551151, 1155551, 1111515155 111155, 1155511515, 1155515155, willielmus

342, 348. (15, 11, 50.

11555510, 358. 115551, Ε15511155, 113.
1151511111515155, 282, 361, 445. 1155551, Adam, 125.
11515115111111511555, 101. 11555511, 1115151155, 240.
1151515511- 115151, 815, 27, 29, 42, 1155551, 0511111155, 104.

59, 85, 88, 89, 104, 105, 11555511011151511115, 144.

125, 327, 383, 379, 389, 11555511, 11585, 298.

426, 444. 11115551, Ρ51155, 111.
11515155111155551555115, 88. Russel, 1115511155, 60, 244, 254.
1151515511, Η51ν555 (15, 279. 11555511, Simon, 277.

11511511, Archiepiscopus, 74, 77, 11555511, walterus, 296. ¹

229. 1155551, Willielmus, 113, 201, 264,
11511511, 111511111555555, 309. 292, 440. 1
115555511,115(151ρ155 de, 41, 42. 1155551111111511555, 5111115111 uxor ·
11555ὅ, 1156515155 (15, 131. ejus, 292.

11555151, willielmus de, 214. 1155551, Willielmus, 51 1115111515
11511511115511155, 375. uxor ejus, 440.

 

