mnnx.

. 471

85515151, 85515156, willielmus 65, 85555561 65855655, 1151551555 61155,

275, 389.

76.

85515511, nemin, 8551, 815, 20, 85515561 15 85555515 frater 15155-

28, 80, 06,113,120, 144,

515-015555655 61155, 360.

242, 247, 250, 252, 255, 85555561 65 Snphon'i, Tetricus

266, 268, 277, 296, 316,
351, 355, 358, 363, 365,
mmffimm
85515511, comitatus 65, 217.
8551111555, Μ51111165 65, 32. ·
85515155, (111115515515, 58.
85511511, 85516535, Berkingss, terra
111, 200, 383, 447.
Berkinges, Abbatissa de, 245, 325,

frater, 421.
855555655 61155 1153155161, 204.
85555655 - senescallus, 207.
8555551511, 1556 milit in, 336.
Berneblein, lvo de, 101.
8555511555, Gilbertus 65, 85.
8555511555, terra 15, 23.
8555515, 1111655155 65, 30.
855551, 1151155155 65, 334.
85555555, 85651 hus de, 334, 335.

Berkinges-Reginaldun de Fonte 85555555, 111111 5565, 204.

55555556 5111111555 65, 245.
*n
201.
85511511, Margaretn 65, 232, 300.
8551515ξ, 81555655 65, 246, 240.
8551515ξ, 855115355, Stephanus de,
855115ξ, 1118156555 65, 185.
Berknton, Hugo de, 297.
Berle‚ 81555655 65, 165.
8551551551, 204.
8551551511, villata 65, 179.
8551151811, Rogems de, 327.
85551536, 8535555 65, 305.
855555655515, 855555655515, 855-
515565511515, 85555ηά55155,
855555655515, Prior de,
24, 172, 286, 368, 375,
424, 420.
Rern, willielmus, 83.
85555561, Alanus 61155, 437.
85555561, Elias 61155, 51 Alina uxor
555, 203.
85555561, (1511151655 61155, 151.
85555561, Helias 61155, 262.
85555561, 1155151555 61155, 27.
85555561, Hugo 61155, 364.
85555561, 15155555 111155, 172.
85555561, 8565151155 61155, 201.
Reman, Reginnldus 61155, 208.
85555561, Thomas 61155, 5.
85555561, walterus 61155, 242, 301.
85555561, willielmus 61155, 187.

8555551515555565, 445.
8555555115, Prior 65, 287, 324,

ᾖ 342, 349, 404, 435,

05551155, terra de, 20.
85551551, 115115555 65, 301.
8555155, (1555551115 15, 130.
8555155,11111151555515, 108, 131.
8555151855, 1111115155565, 367.
855551, 0551515555, 431.
8555161, Μ5111555 61155, 186.
855516, 8515555 61155, 432.
85555515, term, nc. in, 154.
85555515, 655165, 171.
8555511551, term, 815. 15, 175.
Bertelot, 57.
8551151611555515115565, 301.
nertin, 81555655 61155, 453.
8551155656, 81555655 65, 181.
8551511, Adam de, 276.
855156, Alanus de, 276.
8551511, 8155555655 65, 235.
855156, (1115655155 65, 234, 331.
8551511, 11555555, 11555555, 65,
237, 276, 283.
8551511, Μ1511551 65, 51 cecilia uxor
e'un, 284.
8551οῆ, 55155565, 200.
8551511, 111111511555 65, 235.
nemum, nonestus, 555, 515, 557,
85515551, 81555655 61155, 304413.
855555, Ρ51555 65, 366.
Bene, Simon 65, 366.

11114

 

