11111. 577

1111111111 111111 1111111111, 996, 395, 111111111 filius Walteri, 119, 150,
111. 155,157, 111155, 151,

1111111111 111111 11111, 61. 979, 985, 307, 379, 383,

1111111111111111 1111111111, 906. 385, 386, 411.

111111111 filius Lemenac, 940. 111111111 111111 warini, 191.

1111111111 1111111111, 179, 991, 11111111111111111111111111111,109,117,

111. 171, 175, 111, 115, 111,
11111η11111111 Μ11111111, Matillidoe, 999, 938, 948, 951, 989,

194, 301, 311. 990, 304, 417.

111111111 filius Mauricii, 995. 111111111 filius Ysabellae, 330.
11111111161111 Nigelli, 150, 344, 111111111 filius Υ1111111, 98.

151, 111. · Habemus 1111111111, 17.
111111111 111111 01111111, 151, 176. 111111111111111111111111111, 447.
1111111111 filius odonis, et Matildn Robertus pater Ricardi, 390.
111311138113111 &masff‘issowfflmm
1111111111 111111 osberti, 177, 906. 111111111 vir 3111111111, 961.
111111111 filius Pagani, 143, 958, 1111111111111811111, 404.

984, 340, 400. 1111111111 filius willielmi 11111 Luce,
111111111 filius Ρ11111, 977. 180.

111111111 filius 1111111 11, 11111611- 111111111 frater Augnetis 111111 Ri-

phi, 111111111111, 11111111, cardi, 155.

16, 17, 39, 37, 79, 87, 96, 1111111111 11111111111111 11111 1111-

97, 98, 151, 909, 993, 936, 11111, 308
936, 349, 371, 408. 1111111111 frater 11111111 filii Jo-

111111111 1111111111111111, 11 Emma 1111111, 179.
quoe 1111 uxor effes, 145. unbertus 111111 11111111 filii Adae,

111111111111111 11111111, 11111395,

327, 111111111 111111· willielmi filii
111111111911111111111111111,993,333. Turgifl, 88
1111111111111111 111111111, 109, 937, 11111111111111111111111111 111 Perin-

967, 970, 997. · (1οῆ, 338.

111111111 111111 1111111, 391. 1111111111Ιὶ1161111111111101111-

11111111111111 11111111, 34, 105, 111111, 198.
178, 990, 991, 930, 941, 111111111111111111311111110111111,

3111111101111111111141411 113, 356. 11111111113 1111111 1111111111 111 Win-
111111111 filius 1111111111, 11 1111- 11111111, 359.
trix uxor ejus, 80. 111111111 filius Ricardi de Cher·

11111111161111818111, 164. 1111111111, 11.
1111111111 111111 8111111, 905. 111111111 111111 1111111111 de 1111111,

1111111111 111111 serlonis, 379. 359.
111Μηῖ111ιί111 Simonis, 33, 987, 1111111111ρ 3¹13? 11311111111 111 11111

unbertus filius 811111, 951. 111111111111111 Sacerdotis 111 Sel·

111111111 111111 Τ1111111, 11 Marga- 1111, 191.
111111111111111111937, 111111111 filius walteri 111 xersen-

1111111111Ἕί1111111, 936. 111111111111111111111111111111111111111·

1111111111 61111 111 974. broc rel 1111111111, 165.
1111 eva-nze„ P P

 

