INDEX. 509

111101 111601ρῇ filii 101116, ’1110- 16101 1111061161, willielmus, 000.

mas, 006. Filius 111100, 11061001, 307.
111101 11111001ρῇ 61 (3110101111, filius 11110111, (1111116011, 104.

1161111001, 195. Filius 11110111, 111011001, 70, 170,
111101 1111601ρῇ 60 Cave, 1110111601, 306.

314. 11110111110111, 1110110111,1111161111
Filius Radulphi de 0011011, Ν10110- 011 1011 uxor 11111, 306

laus, 65. 111101 1110111, 10161001, 11 10·
Filius 11116111ρῇ 60 (3001111106, 111100 01011101, 005, 060.

(1110111601, 300. Filius 11110111, 11116ορ601, 41.
111101 111601ρῇ 11116101, 11101011, Filius 1111011161 Ι.006,111111111001,
11110111 1111111 111601ρῇ 611111, 111101 1111111111, 101, 95.

Thomas, 370. Filius 1111111111, Gi bertus, 1.
111101 1116111ρῇ 61 1111103100, Filius 1110111161, 11031011, 106.

H 371. 111101 1110111, 111011001, 70.
111101 111116ρῇ de Micheledeifi, Filius 1110310161001, 060, 367.

Almus, 307. 111101 1110011161, (1111611101, 316.
Filius 111601ρ6161 Ρ1110011, Wil· Filius 11101161, Adam, 196.

11110101, 0. 111101 11101161, 111110111ὺί00,
111101 111601ρῇ Piscator, (1061· 066, 415.

111601, 011. Filius 11101161, Alexander, 41, 061,
111101 1111601ρῇ 6161111160111601, 069.

379. Filius 11101161, Benedictus, 443.
Filius 1116111ρῇ 60 11130111, 11030, Filius 11101161, 10100, 000.

66. 111101 11101161, (1101116111, 035,
111101 1116010111 61 1110016010, 046, 051.

1111611101, 350. Filius 11101161, (31101601, 317.
Filius 1116011161 6111111101, 111601· 111101 11101161, (1111611101, 054.

hus, 160. Filius 11101161, (3061111601, 05.
Filius 01ρῇ 61 ...... 11111011, Filius 11101161, 1111100, 059.

(1110111601, 144. Filius 1110110161, 1100110οε, 400.
111101 111101, 110611101, 305. 1111111111οΜ Hubeftm, 224·
Filius 11111601, 110311, 4. Filius 11101161, 11030, 010, 034,
111101 1113101161, Alanus, 111. 053, 447.
111101 1113101161, Alexander, 300. 111101 11101161, 10161001, 006.
1111111 1113101161, 1101011001, 300. 111101 11101161, 1010111001, 030.
Filius 1113101161, 6111111601, 094. Filius 11101161, lambertus, 160.
Filius 1113101161, Germ, 61111- Filius 11101161, 1611111001, 069.

1101, 344, 350. Filius 11101161, 1111011111, 351. ,
111101 1113101161, 111011ου1, 004. Filius 11101161, 01611101, 170, 074.
Filius 1113101161, 10161001, 167. Filius 11101161, Ρ131001, 163, 169.
111101 1113101161, 1116013601, 150, Filius 11101161, Petrus, 011.

150. 11110111101161, Philippus, 040.
11Ιί01 1113101161, 1110116111, 059. Filius 11101161, 1116013601, 117,
Filius 1113101161, 1106111011, 093, 164, 167, 069, 094, 303,
111101 1113101161, 11111001, 140. Filius 11101161, 11131011601, 038.
111101 1113101161, willielmus, 091. 111101 11101161, 1110111601, 031, 059,
111101 Rem 11031101, 0. 065, 406.

 

