INDEX.

(1111111, 1111111101 611111, 149.

6111111111, 1111111116111111, 108.

61111111, 61111111, 6111111111, 111-
bertus de, 171, 115.

6111111111, 6111111106, 1111116111
61, 931, 306, 319.

611111), Petrus de, 105.

61111113 11111Ιί111101 61, 105.

(11111111, 11131111 61, 101.

Gatesberi, terra in, 166.

61111131, Ν111101111161, 189.

6111611101, 979.

6116113111, Ν11111111 clericus de,

0111, 11111111, 111.

61111111, 1011111111, 999.
611111, 171.
61661113, 111011 apud, 118.
61661113, 1161111161, 993
(11661113, 11111161, 901.
6166111311111111111, Η111111111,Η11-
11111, 15, 16, 17, 118 993.
61111113, Τ1101111161, 941, 499.
6111111106, 11ρὶ1111113111, 163.
6161111111, 6161111111, 6161111011,
tem, 2c, 111 1111 111,
6161111111, 6161116111 61, 167.
6161111011, 111616 1111161, 116.
6161111011, 111111111111161, 116
611111, terrain, 394, 346, 493.
6111111, 1111116111 61, 930.
6116111111, Prior de, 969.
(1111111111, 11161111161,11611111111111
61111 ejus, 173.
611111116 -,111111,811 apud, 54.
611111, 111131 1111111, 331.
610 1311611111161161311111979.
6101 ο,11111111111 61 Sancto, 979.
(111,ᾕο11111 611111, 104.
6111111, 11111111( 61, 394.
61111111, 1111111111 611111, 171.
611111, willielmus, 136.
(1111111111111111, 105.
6111161161111611111, 987, 407.
6111161, 1111111 quae 11111 uxor, 151.
6111161, Rannulphus 611111, 447.
61111111, 111111611611111, 900, 901,
948, 951, 959.
61111111, 1116111111 filius, 330.

591

61111111, 1111111116Ιί11, 919.
611-116111111111111111 filius, 184, 105,
6111161616111111111, 11131111 frater,
61111111ἧά1 Η11111111, 6111611111
1111111111111111111
6111116111 filius Drui, 100.
6111116111 filius Ernoldi, 188.
6111116111 611111 6111111111, 49.
6111116111 611111 6111161, 196.
Germ-dus 611111 willielmi, 186.
6111116111 pater 11111116, 403.
611116111111111111111 Ednocln· 6111
1113111, 180.
6111116111 pater Adae filii 61111161,

6111106, Η11110, 909.

61111061, willielmus, 997.

61161, 111311116111, 340.

61161111, 111011 116, 993.

61161113, 9611611111, 1111116111 (11,
5 , 993.

Germano, 1111111111111 61 Sancto,

Germanus, 906.

61111111111111111111, 117.

6111111111, 1111111311, 811 111, 373.

61111111111111111111 apud, 387.

6111111111, Abraham de,p 390, 391.

6111111111, Abraham 6111Μ1111-
61 1111111101, 373.

6111111111, Η11111111161, 930.

6111111111, 11111111111161, 939.

6111111111, 1111111161 61, 963.

6111111111, 1116111111 61, 937,
940, 986, 3110.

6111111111, 6111101161,1111111111]1111
6111 1110111111, 379.

6111111111, 1111111, 159.

6111111111, 1111111, 197.

6111111111, 1111116111, 984.

6111111111, 1161111 611111, 301.

(11111111, 1111111111, 171.

61111111, Leo, 113.

61111101, Ρ111111, 355.

61111111, 1116111 hun, 35.

61111111, 1111111111111, et 6611111111
1110111111, 164.

 

