· mm

11611611, 1611661161 66, 137.

1661166, Picot de, 162

11611611, 1116111661 66, 137.

11611611, 11111161166166, 301, 373.

11611611, 16616661 Clericus de, 171.

1161161116, Thomas de, 262.

1161161611, terrain, 363.

11611666, 11111666, 210.

1161616616, Simon de, 232.

1161661616, Simon 111161 Ρ6111 66,

1161666166, (1161116111 66, 322.

1161166161,1611166, 333.

11611163, 66611116 66, 96.

116 31616, 1163616166, 223

1111, 111111611661, 293.

11161166, 1316161661 66, 33.

Wi', (1116111661 111161, 117.

1111116, 1166ιί661, 122.

111616, 1116661161, 315.

11166113, 144.

Wiben, Sucoentor conventriensis,

111661611611616161 111161, 221, 297.

111661166, 1161νὶ661 66, 143.

Wiberton, 111111616161 66, 263.

111661161 111161 11666111, 332

Wib 616 11111 uxor Petri 66
mg, 6666111627, 76.

1116616616, 1116616116 66, 170.

1116116, 11666116166, 233.

11161616, 111111616, 1116616ιά, 66616-

11166, 12, 20, 41, 52, 53.

11161616, 1111161616, 16111 16, 12,

11111616, 1111166, 41.

111611, 11166116, tenementum 16,

11166616,368 Η 66,· 141.
1116661611 6116111 66, 135.
11161166, 11166166, 234.
11166666111111616161 66, 61 11111-
geren uxor ejus, 13
111611661666, Mar 11166, 163.
1116666161, 11111161,66 364.
111666166, 111111611661 66, 61 Mer·

11 uxor ejus, 125.
1116616 Η661166166,94

11166166661611616111636611
J 11111 1,196.

605

widoni, 111111616161111161, 236.
11166 611666633661, 373.
Wido filius Henrici‚ 433.
11166 111161 11166611 deAffeld, 135.
11166 116161Η636611 6631166611,
11166611, Elias 111161, 269.
widonis, 1111361161 filius, 233.
11166611, 1116111661 111161, 233
11166611 66 1111616, 11166 filius,
11166611 66 3161661161, 16616661
filius, 9.
1116161616, 11111161166166, 409.
1116, 116661161 66, 340.
111661616, 1611166, 31.
1116166, 1111611166, 225.
(wasa. 1161
11136111Μ6161661161, 21.
1113161, 1113616, 1166613661 filius,
143, 347, 343.
11131111, 1166613661 61161610661111
61616161, 20.
1113111, Τ61111661 111161, 253.
111611 1661611166 filius, 99.
1113161, 111111616161 filius, 11, 143.
11131661 111161 1166613111, 99.
11136111111116116616 116, 243.
1113661616, 337.
1113666111, 6116111366, 294.
1113661611, 111131161166, 165.
1113661611, 1161161661 66, 233.
11136166, molendinum 66, 94.
11136166, Andreas de, 39.
11136166, (1111116111 66, 39.
11136161, 11161611 66, 39.
1113366613, hereditas 16, 413.
1113666131, terra in, 191.
W 136661 11133666136111366613,
61 36161, Μ1636161, 66,
131,192, 323, 413.
11133616, 1161613661, 61 (3661111
uxor 6 Jus, 122.
w mww‚mm

1113616616166 - 11136111, 1136111,

3637, 11,23,46,73,39,
91, 103, 110, 111, 114,

66, 161, 176116 116,
mmmfflm

 

