INDEX.

0101111010, aicardus 00, 053
0100110111, 01001010, 111111οπ100
00, 340, 403.
Crassus vel le 0100, 1110111000, 17,
10, 1‘04, 246.
0100000100, Alicio de, 077.
01000011, 0010011110 0001001111 00,
340, 349, 446.
01000011, laurencius de, 404.
01000011, 1110010110 00, 304.
010010, 1011011000 00, 110.
emme, Magister 1011011000 00,
0101001οᾅ, 1101100100 00, 006.
orec, Robertus de, 229, 270, 001,
Creo, 1101101100 00, 01 Agnes uxor
ejus, 310.
1310101011 01110, 300.
0101001, Alexan 0100, 109.
0100010, 0000110000, 051.
0100010, Alexander, 104.
(11041θῆ, 1011081010, 308.
01010, Creon, Philippus de, 061,
371.
0100010001, 0101100001, 01010001,
Emmo de, 35, 450.
0110000001, Matilo» de, 84.
0100010001, 1101101100 00, 053,
0100111, 1101101000 00, 01.
01101, 101100οε0 00, 103.
0111101000000100000, 06.
01110101, 1100111000 00, 039.
01110101, Simon 00, 370.
011011, 1011110000 00, 36.
01100 , 0000110000, 105.
Cristae 10110, 0000000100, 40.
01101101ιο 0101011101111010011011011,
0110110110 mater willielmi 111100
001οο01, 73.
0110110οα quoe fuit uxor 11000111
1100010100, quoe 10110101
1101101010 11000010, 06, 87,
01100000 010111111101011 filii Luco,
000000001100000010111111101011
1110111011, 178.

487

0110110110 quae fuit 01011101101101
00101010, Baro, 11, 10, 55,
01100000 01011111110101 de wi-
0110011, 18.
0110110100111111100000101111101101
willielmi, 100, 341.
0110110110 1000 fuit uxor ..........

0110110110 uxor willielmi 0101000,
0110110000, 1100110110, 70, 73.
0110 01, Simon 00, 110.
0100111011οω0, 053.
0100110000, 1110000000 00,
01011011, villa 00, 340.
01011000, Abho (10, 104.
01011000, 0000110000, 070.
01011000, 1110010011 (10, 070.
01011000, ’11100100 00, 070.
0111100011, 1011011000 00, 088.
01011001οῆ, 00111000 00, 104.

0101101011, 1100010101 00, 004.

0100011, Simon

01001101, tetrade, 430

01001011, villo 00, 379.

0101, Robertus, 401.

010110, 1110010011, 401.

01011011, 1011010, 407.

01000, 0101111000 00, 150.

01000, Ρο1100 00, 163, 169.

01000, 1100100001 00, 48, 64, 91,

01000 110010, 01000 11000110, 00 lo
01000 11010, Prior 00, 170,
009, 359.

01000 11011010, 1110111001 00, 76.

01000 11010, ............ 00, 150.

0101000111111010101, 110.

0101, ’ 000, 060.

0101010, 0101100 00, 00.

0100οΙ100, liberum tenementum
in, 431.

eubertus, 304.

0, 15.

1111

 

