516

901101, (1119191133, archidiaconus
933911, 388.

9011191336, 1311133311 de, 136.

90119393393111191119, 443.

Fonte, terra in, 93.

90319, 1113313119, 177.

90319, 9931331633 de, 945.

Fonte, ’3311133 de, 3939301111
Α isse de Ber ' 945.

9031111113, 9931331633 9, 953,

Fontibus, Radulphus de Septem,
189, 198.

9016, 1119311133 de, 959.

901113, 0113113113 (19, 917.

9016311331, 1911313, 9.

90111331, Η91911033119, 113.

901119, 9011193, 11111133 de, 79, 90,

{333⁵ 989, 994, 338, 339,

901119, 90019313 de, 339.

901119, Ο113113336913, 390.

901119, 1110311133 (1913, 390.

901119, 1111111911333119, 146.

9011111331, 6111191133 (19, 184, 195.

9016133931311, 110303313, 145.

9011113393ωῆ, 1110311133 (19, 145.

901111, 1110311133 (19, 995.

9019313333, (1311111133, 91 Μ3111113
quae fuit uxor ejus, 63.

9010313τὶ33, 1011113393, 995, 999.

90193131133, 11311ώὲ133, 171.

9013913, monachi e, l.

Foro, Ferro, (3119113 (19, 00019313
(19, 94, 198.

9010,111111911333 (19, 94, 198.

90101119, 11113119, 91.

9013193631, 1101191133 (19, et 1111013
31019133, 90.

90111, willielmus, 134.

901113, Radulphus, 105.

9033316, Μ3111113, 133.

Fossam, 1110311133119, 907.

90311111, 1333911369, 956.

901, 101133393, 930.

901, 1110311133, 930.

901, 1101191133, 916.

9011919, 9011019, 90019313 (19, 404,

9011019, 1110311133 presbiter (19, 416.

INDEX.

Fraimham, terra in, 414.
913139, Η9311033 (19, 991.
9133133110, Prior de Sancto, 959.
91336, 9331303133, 9113130133, 997,
9133393110, 300.
91336, 1011311393, 985.
Franz, 03191133, 909.
1131391333, 951, 909.
91336, 1111139133, 947.
913311, 1110311133, 949, 978, 990,
91336, 1101191133, 984, 395.
Franz, 1101191133 19, 91 11331113
uxor ejus, 369.
913318 1131133, 304.
91336, W' 913133, 199150, 151,
mmmmm
91330913, Β311110103193319, 191.
91330913, Β91331113319, 360.
91330913,(11191191133, 967.
91330913906313113319, 90.
91330913, 19 91330913, 1110111633,
974, 366, 367.
91330913, 1110311133 19, 91 Manu
31019133, 146.
91330913, 1101191133 19, 69, 97, 13),
91330913, 1101191133 19, 91 0113-
113113 quae fuit uxor ejus,
91330913, 1101913319, 16, 17.
91330911, Simon le, 131.
91330913, Willielmus 19, 16, 17,
91330913, -, 190.
913301, 1101101113 pater 1111119131,
91330013333, 9133001913, 19111191-
mus, 948, 951.
91330119, Μ3111933119, 314.
9133033, willielmus, 900.
9133191311, Yvo, 993.
91331919131111111911333, 355.
Franketofi, lib 19111, 66.
9133311331, Τ31313333 de, 446. 3
Fransigina, 1101191133, 91 crist‘nm
quae fuit 31101 ejus, 86, 87.
91331011, 9931331633 (19, 75.
913191 Bria, Samson, 79.

 

