INDEX·

0111001001, 310. 10, 444.
0111011, 1100111111 111, 114.
010001, 10010001 de 11, 261.
caue, Petrus 111, 166.

caue, 1110111101 de, 166.
0111111111, 111011 apud, 247.
0100νί11, willielmus 111, 43.
0101111, 11111111, 361.
0111111, ,lohannes de, 361.
0101111, 110011ρο0111, 121.
01011011, 11031101 111, 21, 347,
0101011, 1101111101 111, 304.
01001, 1110111101 111, 266.

Cant, 1110011101 de, 243, 453.
0101, 1100111111 110, 11 Lucia quae
1011 uxor ejus, 63.

0101, 11031111 111, 149, 153, 279,
286, 397.
01111, 111111101 de, 11 1110111 quoe
fuit uxor ejus, 42, 80, 89,
Cave, Gaufridus de, 153.
Cave, 1110111101 111, 156.
Cave, 1110111101 filius 11011011οἰ111,
0111,111111111001 filius 1110111111 110,
0111011011, 0111011101 111, 96.
0111130111101110, 326.
0001111, 0001111111, 144.
0110110111 Hervei, 35, 36.
0111010111 Hu nis, 399, 431.
cecilia 1110111 11101101, 393.
0101111 101111 1111111111, 427.
0101111 10111111111111101 111 1101111011,
cecilia soror 11011111 1110110010·
11111, 444.
cecilia uxor Adae de sanford, 129.
cecilia 0101· 11101111 10101, 256.
cecilia uxor 10010011 111 1101111,
011000101111101111111011 filii
11131111, 11133010, semina
1110010111 11133110, 20, 122.
0101111 uxor 1111101 de 1101100,
cecilia uxor willielmi filii 10101111
0011011101, 14, 15, 73.

1101. C 011 1110.

181

01011111 uxor .......... 242.

0101111 quae fuit uxor ...... 131, 60.

01011111, 1111011 10101, 36.

01111111, 426.

011111, 0111111101 111, 30.

01110100, 011101, 11030101 111, 90,

01111011, 110011101οθ, 271.

0011103, 0111111110, 131.

ceraton, 111111111001111, 120.

01111111, ecclesia de, 366.

01111111, certeseia, 01111111, 307,
342, 348, 386.

⁴ 0111110001, boscus de, 161.

Cestertofi, terra in, 005, 327.
0111111011, 1111011 de, 255, 432.
0111111011, 1100111101 111, 132.
01111, 001011, 43, 116, 119, 277,
288, 313, 335, 437.
0111101001, Το11101111, 176.
0010111110, 111011 apud, 245.
0111101111, Petrus de, 79.
00110110, 00110111, Simon 111, 79,
0011011οο Μ11111110111, 237.
0011001111, Ρο11111111, 94.
00110001110111101, 301.
0011100001111111, 1110111101 111,
0010001103, 1110011101, 367.
00101111101111Η11110111,111111101,
0010011, Ηο011101111 Monte, 402.
0010111010, 0111110111, 264.
00100111, 1110111111, 232.
00101, 10001011, 422.
001010101110011, 421.
0011011111001, 0111110111, 236.
0011111110, advo& 1001111 111, 124.
0011101111, 01111011, 0011011, Ηο30
de, 319, 394.
0011011111, 1100111101111, 409.
00111111, walterus 111, 222.
0010010001, 11030110, 109, 112,
128, 130, 429, 430.
0010001001, 1011111011 111, 81 Ho-
1111101 1111011101, 430.
0010010111, Prior 111, 424.
0010111001, 111011 apud, 251.

0010110300ηο Η1011101 111, 72.

 

