610 INDEX.

1161161661111161 1166616111, 61611611 111111611661 111161 11ἅ661, ll, 143.
uxor ejus, 956. 1116161661 filius 61161161 Reg'ss

11111161661161611166616111, 611116- Conquestoris 399.
11166 quae 1611 uxor ejus, 1161161661 111161116116161, 12 41,
995. 76,,115, 169, 189, 191,
1161161661 111161 1168116161, 991. 917, 938, 966, 968, 970,
116116166116161 1161656161, 909. 998, 314, 330, 377.
1161161661 filius 11166161, 17, 76, 11111161661 61161 1161161611, 61 166-
114, 193, 163, 171, 997, 61116 uxor ejus, 946.
939, 956, 958, 973, 979, willielmus filius et heres Roberti
333, 345, 333. filii Ricardi, 43, 43
1161161661 filius 11656111, 97, 98, 1161161661 111161 1163611, 389.
104, 105, 118, 150, 171, 1161161661 frater 1611116611 Β11161,
933, 944, 945, 949, 979, 153.
977, 986, 993, 996, 305, WillielmuspaterJurdani, 139,140.
318, 394, 331, 366, 416, 1161161661 pater Radulphi, Rau·
493. 6616111, 53, 357, 388.
1161161661 filius Rogeri 30, 96, 1116161661 patet 11161161, 195, 354,
101, 198, 953, 969, 309. 355, 499.
1161161661 111161 lingonis, 378. 1111661661 pater 11666111, 175.
6111161661 111161 1161661, 1161661161, 1161161661 pater warini, 194.
66661161, 349, 348, 418. 1161161661 Prior Darundel vel de

Willielmus 111161 Solone, 861666, 11166661, 405.
161, 168 111616166186661661161 1166616616,

1161161661 111161 86661, 193 434.
1161161661 filius Signi, 916. 116661661 111 1111611, 447.
1161161661 filius 8616111, 305, 1161161661 vir 6166111116, 979.
311. 1161161661 vir Matildae, 333
1161161661 filius Simonis, 199, 193, 1116161661 filius Emmae 66 Ρ611,
135, 158, 171, 940, 958, 359.
373, 339, 330, 330, 614 willielmus filius Galffidi chem,

116116166116161 861116ξ, 109. 94.
1161161661 filius 86111161, 55. 1161161661 filius Gauffidi 66 Ha·

1116161661 filius Swetinss, 999. 6116161611, 196.
1116161661 6116116666, 103, 309. 11111161661 filius Gileberti 66 Cole-

11161616161 111161 Τ616161, Τ616161, 6111, 398, 399.
14, 15, 73 133. willielmus filius Hamani de Sire-

Willielmus 111161 Turgii, 88, 964. 11616, 913
1161161661 filius Umfridi‚ Hum- 1161161661 filius Hernaldi de Her-
11161, 999, 963, 967, 355, lawe, 354.
404, 414. 1116161661 filius Johannis de Brai-

1161161661 111161 Wade, 419. 166, 985.
1116161661 filius walkelini, 396. 1161161661 filius 06661166 Karna,

1161161661 filius walteri, 155, 930, 90. ,
111, 111, 111, 644, 166 willielmus filius Radulphi de 1³1»

391, 386, 398, 411, 439, 16111168, 9.
445. 1161161661 filius 116611 66 Cane

116661166116161 warini, 350. 66161, 195.
116116166116161111116111, 991,997. 1161161661 {ilius Reineri 66 1311-

1161161166161161 11111161, 986. 6611, l.

 

