10001. 611

willielmus 0110011100101 0113101101, 111110, 31.-0001.
m. mmmmm
wilhelmus 111100 11100101 00 Β1001· 994, 995, 943, 945, 948,
tofi, 15, 10. 961, 971, 970, 9113, 999,
1111110110υο 111100 11100101 00110110, 304, 303, 309, 390, 391,
00 mmmmm
Willielmus 011001110010100110100· 353, 339, 404, 410.
1101, 59. 1111101111, comitatus, 44.
willielmus 11110011100101001101000, 11111011, 1100100 10, 115.
11010000, 94, 935, 395. 11111000, 1111110101υο 00, 149.
willielmus 01100 110110111 00 Cun- 1111100, 0115011000 00, 344, 359.
3001011, 114. 1111001011, 1100010500 00, 977.
111111010100 01100 110110111 00 1000111, 1110101010, 11101010, 011010001101,
willielmus 01100 11011010 00 Μ1001- 111010100 quae fuit uxor Roberti
010, 431. (111010, 310
1111110101οε 01100 11011010 0οΤ010011, 1110111010, wimbis, Petrus 00, 400,
111111010100 011110 1105 11011011, 1001001011, Elias, Helias de, et
930. 111001000 110101 ejus, 900,
1111110110υο 01100 1100011 00 Heng· 383.
01000100, 150. 1111ηο00000ιο, Ni 1100 00, 139.
willielmus 01100 1111Ιί010110οΒ001· 11101000010, 310 00, 399.
1101, 31. 1100000010,111010000010, 1110100-
willielmus 01100 willielmi 00 Ben- 000100, ecclesia 00, 308,-
1010, 181. 391, 399.
1111110101υο 111100 1111110100 Pin· 11101000010, 0111011001οη0ηο 00,
001010, 71. 399.
willielmus 111100 1111Ιί01011 0111100- 1110501010, 1101101100 00, 333.
1101110, 330. 11101110, Elias Cocus 01100 1110110101
1111110101υο 110101 (1000101 00 Hup· 00, 133.
1011, 439. 1110000000 111100 1100010111, 173.
1111110101υο 0010161110110111001101- 11100000100 filius 11100101, 901.
tofi, 141. 11100000001110, 11111100 00, 70.
willielmus frater Magistri 0011-111001000,11110011010,0101111
0010100 10011, 993 dus 00, 300, 319.
11111101οι00 0010111050111001101· 1110000000, 000011 apud, 999.
01011100, 175. 1110011οη100, 11001ἰο00 00, 930.
1111110111, 1101101100 00, 949. wind, Petrus de, 999.
1111110100,110001 110000, 300. 111ηο0111011, Rogatus 00, 441.
1111101011, 00001010οἀ0, 313. 1110οε10100, (1001110υο pater Si·
110101010000101100111100, 940. 01001000, 173, 174.
1100000010111001100, valor 0110- 11100000010, 1110000001, 1101101110
110111 00, 109. (10, 999, 997, 370, 380.
11110001000010110, 00. 10, 417. 1110010011, 1101101100 011101 100-
1111001000100, 1111110101110 00, 417. 10101 filim Alexandri 00,
1111010000100, 11111101010000, 970. 395.
111110011, 111110, 010, 4, 17, 99, 90, 111005000011010, 1010100000 00,
90111, 37, 44, 45, 03, 75, 999.
30, 00, 104, 109, 113, 115, 111000000011010, 1101011000 00, 941.

11119

 

