313311 477

813135, Stephanus, 991. Βυο11331131333113,313.-33111.
835, 11333, 1133133, 11331333, (13, 309, 303, 309, 315, 340,

mmm mmmmm
835, 8333131133 de, 430. 359, 355, 357, 301, 369,
1311, 113433, 343. 333, 314, 331, 333, 333,
8333111111,Ν131131333, 194. 384, 387, 397, 399, 416,
83311, Alexander (13, 365. 419, 493, 494, 498, 430,
83311, 133, 956. 431, 439, 436, 445, 446,
83311313, 13311133 (13, 989. 448, 449, 459.

83311331, Β333111,-Τ113333131133 83131715, 231.

8331333333, 6, 7. 83111331, willielmus de, 44, 335,
833113, 986. 374, 493, 498.
8331130333, willielmus de, 199. 8313311313, 33313313 (13, 388.
8331133331, feodum in, 87. 8313133, 83113133, 1131131133 (13,
8333131, 83331313, 1311311333, 915, 441.

917, 390. 8111311, 1135313313, 31113131331131
Buddebroe, 1333311313 (13, 43 ejus, 53.

83113113, 83113333, 11383113, 371, 83131113, ,1311333113 (13, 978.

333, 431. 8331333333, 311.
83113113, 1131133113, 1131131133 filius 831133, Engo, 403.

11333313 (13, 437. 8111313111, 83313113, 907.

83311, 1333133111ωά3, 416. 83313136, 13113 111, 195.
8331133,833133,Β331,1131111333 de, 8111331311, 8313331311, walterus (13,

988, 984, 410. 180, 907.

Buba, 1311311333, 969. 8311131311, willielmus Ρ33113 (13,
81111331, 113311333 (13, 394. 173.

8311313, Μ3111113113, 933, 965. 8333113, 3111113113.

811111, Christiana (13, 178. 831, Simon (13, 995.

Duilli, 1311311333 de, 949. 83111336, 8303131133 (13, 98,
831111, ,13133333 (13, etCecilinuxor 83111, 31113, 435.

‚ ejus, 398. 8111113133, 1111311303 de, 3114.
8311311311, 1131131133 (13, 118. 81111131, 1113311133, 146.
8313311313, 1331131113. 13, 31. 8311133113ςί3311133, 965.
8313333113, terra, 813. 13, 74. 83111311, 1131131133 (13, 973.
8311331311, 83113133, redditus, 813. 83111311, 133, 999.

13, 331, 337, 389, 330, 8101100, 1111113131, 946, 949,
8311333311, terra (13, 399. 8313113311, 1131131133 (13, 97.
83113135, 8333113, 355. 831311, Hugo 111133, 31 1133313333
83113135, willielmus de, 134. 111133 ejus, 99.

8311131333, 3333113330, 937. 83131, 8111311, 8131111133, 945, 948.
83131833333113-8331113311-831, 83331, 11333113, 45,

33, 7, 15, 44, 43, 31, 33, Bures, tem in, 333, 333.

133, 313, 221, 222, 333, Bura, 11133 de, 133.

333, 227, 229, 331, 333, 1133313343», 131.

333 334 333, 333, 343, Butes, 8333331333, 133.

341, 341, 343, 331, 335, Bura, Hugode, 131.

959, 960, 969, 964, 966, 83133, 1131131133 (13, 989.

971, 978, 989, 990, 991, 83133, Simon 113, 198, 199.

999, 994, 997, 999, 301, 83133, walterus (13, 189.

 

