INDEX.

11101ιο01 frater 11000011 Coffin, 11111100, Prior 01, 450.

442.111οι00,ι1ιι1,91 10, 66.
11111ιά01 frater Reneri 11 eun, 1110111, 11100100010111, 61.

1701111111, 11 ogerus de 10, 395.
1111111001 frater 11110011 1110101, 110010, 11001001 01101, 391.

160. 1100101, 1011110001, 442.
1111110111 frater 1111111ιί (1101011- 1100101, Alanus 01101, 53.

leg, 421. Robeni, 1111100110, 3⁰3.
1111οι1101 frater willielmi filii Ra· 1100101, ΑΙ. .. 01101, 215.

001001, 256. 11οο101, 00111101 01101, 267.
1111111001 011111111Ιί10οἰ de Hole· 1100101, Clemens 01101, 226.

rumh, 243 1100101, 0100100001 filius, 102.
1111111001 01οι 1111111110ιὶ presbiteri 1100101, Fulcho 01101, 296

01 Ρ10101ι10, 9. 1100101, (10101001, (1110011101,
1111111001 frater willielmi Prestre, 01101, 103, 269, 270.

160. 1100101, (10101001 01101, 166,
niardus 01001 1000111101 San· 196, 200, 230, 266.

010, 367. 1100101, Η101110101101, 255, 296,
1111111001 pater 1111010101 011111, 304, 364, 413, 453.

1100101, H 00001101, 192.
1111110111 vir Beatricis fluitet, 1100101, Ηο001001 01101, 64.

361 1100101, 10010011 111101, 42, 151,
1111011101 ιιι Ηιιιιὶιίω 01 Μο011- 202, 232, 233, 355, 396.

run, 367. 1100101, 1111οο1101 01101, 411.
1111οε01000, 116, 2521100101, Petrus filius, 293.
1111011111 1111110111 111 80100001, 1100101, Philip 001 01101, 144, 307

l. 1100101, 111001000101101, 24, 124,
1111οε101 01101 willielmi, 267.172, 243, 299, 340, 445.
111οο100111, 1100001101110011001, 1100101, 11ιο1011010 01101, 151,
01001, 111. Robora, Ricardus filius, 91, 121,
01111111οω0, 117. m 1101111711 111,
1110001000, ...... 01, 65. 332.

1110111, 11001001, 263. 1100101, 11οο1001 01101 34, 105,
1110101011, 1111111000101, 327. 117, 176, 220, 221, 230,
1110100101, (3111111101, 90. 241, 305, 311, 443.
1110111011, willielmus 01, 323. 11οο101, 11οο1101 01101, 25, 64,
11101, willielmus, 258. 111, 125, 120 230, 233,
111000, 1110010001, 272. 249, 290.

1110111, willielmus de, et Agnes 1100101, Simon 0001, 61.

0110111111, 4191100101, Το00111 01101, 232, 269,
11 0110111101, 230 280, 409.

110100, Η 00001, 399. 1100101, Vivimus 01101, 166.
11111, ,10010011 de, 132. 1111011ιί, 1111111101 01101, 116, 123,
11 willielmus de, 308. 172, 221, 229, 292, 320.
R' ”Abest de, 3101100101, walterus 01101, 11 Μ1111111
11111, Adam de, 95. uxor ejus, 20, 21, 22, 122,
Rhebi, 1101611.ιο 437. 353
111110οα, 1100110101, 3111100101, 11111001 01101, 115, 122.
1111100, 110011·οι 01, 373. 11001011100100101101, 332.

 

