INDEX.

85611551, Hugo 65, 946.

85611515, 1151151155 65, 955.

85611551, willielmus de, 5.

Sudheia, Prior 65, 999.

8561151, Willielmus 65, 171.

Sudsex'- 855516-8555515815, 19,
39, 71, 77, 78, 90, 94, 95,
smmmwm
139, 995, 931, 948, 951,
mmmmm
975, 989, 983, 999, 993,
309, 306, 307, 319, 343,
349, 350, 365, 405, 439,
443, 446, 447·

8555516, terra in, 45.

8561511, 5551551565, 307.

85611515, 855515, liberum 15115-
mentum 15, 306, 311.

85611515 ml 85115111, Canonici 65,

85611515, Ρ115165, 304.

85611515, Magister Elias de, 305.

85615111, Hugo iilius willielmi 65,

851151, Willielmus 65, 919.

85111151, 11151555 65, 390.

85115511, 15115, 615, in, 913

85115511, Edmnndus 65, pater Mar·
1151, 913.

85115511, 5151551515 soror Martini ¹

65, 913.

Sunt-mne, Thomas (15, 97. Ι

85111, 1115111651, 197.

8516511515, 11511065, 950.
85161555, Stephanus de, 939.
Suis-greg, Ricardus ’155155 65,

591

8515511, Adam 65, 34, 147, 169.
8551511, Philippus 65, 394.
85111511, deulphus 65, 15, 995.
8551511, 8111111565, 374, 445.
8515511, 11111151155165, 371.
8551555555, 73, 75, 85, 93, 119,
116, 119, 131, 997, 936,
937, 938, 944, 959, 953,
971, 977, 984, 991, 995,
996, 301, 309, 303, 309,
mmmmm
m m m m m
435, 445, 451.
8515511151, 8515115 15, 111.
8511151νί11, 1151151155 65, 51 Μ511165
51515155, 134.
85511511, erus 1511511 65, 181.
8551155151, ’1111511555 15, 106.
8556515555, Galfridns 65, 13
8555111, Johannes 65, 914.
85555111, Osegot de, 914.
85551111, 8515115551 65, 911.
Sunessii‘, Willielmus (15, 149.
8511515, Suri, 815, 13, 15, 16, 17,
48, 53, 54, 79, 81, 91, 94,
99, 101, 109, 115, 199,
130, 140, 991, 999, 998,
mmmmm
mmmmm
mmmmm
989, 995, 997, 998, 304,
mmmmm
mmmmm
mmmmm
mmmmm
mmmmm
mmmmm

sm Hugo 65 15, 401.
81111511, ecclesia 65, 349.

85155115, mois apud, 971.
81115111, 1515115565, 310.
851551, Hascuiilus 111115 Jolusnuis ' Susanna, 131.

65, 310. Ι Susanna soror Androeae Albi, 919.

851115, meilande, 86. · Susanna uoe 1511 uxor Rogori 65
smmmmmwn i mmm.
Sultorp, Stephanus 65, 970. 8555111155, Wiilielmus 65, 453.
85155, ,15555555 65, 965. 85155551555, 11111151155565, 99.
856115165555 (15, m 85111161, 1111115151115 iilius, 55.
8551511151, 8565151155 15, 409. 851111515, Prior, 39.
85515151111115,15(11151111115, m Sum-p, willielmus 65, 330.
815551515551, 81151511151111551, Jo- 81111511,55515515 65, m 314.

1155115165, 44, 45, 136. 8111151555511511116, 901.

 

