INDEX.

warinus 111155 oliberti, 304.

11511555 115551555ηηὶ5, 155.

11511555 111155 1153155151, 140.

11511555 filius 11555111, 115, 199.

11511555 filiun 1151150, 939, 933,
300, 303.

11511555 filius willielmi, 105, 970.

11511555 115151 (15511151 11111 Wil-
1151151, 170.

warinus peter Humfridi de 111551,

Warinmwpnter Rogeri Curtpeffl‚

115111153511, 01551555 55, 995.

115111, 1155511511, 909. ·

11515555155 in 85511515, 555511

1151551510111155111111) 115, 411.

11515511, 11535155 111155, 954.

115151535, (1511τί555 55, 137.

115115, 55 15, 0511555, 991, 999.

115115, 5515ρί 55, 163.

115115, 1155111555, 994.

11511515, 51515150, 107.

1151115, 05555151 55, 995, 437.

1111155155, 55555 55, 494.

1115155111, 1111115155555, 51Μ511155
uxor ejus, 319, 304.

1111555111, willielmus de, 304.

11553511, 1155115111, 11535155 55, 30,
39, 40, 359.

11553515, 1115111555 pater walteri,

meuuils, 11535155, 4.

1155 11511, tenementum iu, 60.
1155 1115515511, 199.

11551511, 1115515511, 995.

1155115515, Philippus de, 303, 410.
11551511, liu tenementum in, 174
1155115, 1155511511 55, 496.
1111151510, lit tenementum iu, 405
115151510, Adam (15, 405.

1151515, 15555555 55, 906.
1151515115, 1153515555, 94.
1151511111, Η535 55, 94.

1151511111, 115551155 55, 61.
1151551510, 1115551555 55, 109.
1151551510, 1111551155 55, 109.
11515511, 115551155 55, 141.
11511510, 1115155515555, 400.

600

11555155, 111551555 55, 149.
1151115111, 1111551151 55, 907.
1151555550, campi de, 169.
1515515150, (15515555 55, 51 uxor
ejus, 515
1155153551οό, 11555555 55, 104.
1151553155, 115551155 55, 10.
115155, Ρ 55 55, 904.
1151511, Jo nes de, 199.
11511515, Alanus de, 900.
11511511, 1151555115155, 355.
wanoh, Prior de, 949, 970.
11511511, 11555111115555, 171.
1151155, rus 55, 940, 949.
11511511, W· 11515155 55, 994
1111555555, 11535 55, 107.
1155553155, 1155555511, 1111551155
115551, Guarinus de, 171.
1155511511, 1153555, 990.
115515, Bertmm de, 130.
115515, 115155, 11155551 de, 0, 60,
115511,115155515551515 15, 391.
11515115311555555, 990.
115515, 115551355515, 1.
11555511, (1551151155, 309.
11513515, willielmus de, et Sabina
51515155, 371.
11515 111155 1151155551, 300.
1151550, 51 14151555 51515155, 999.
115155515555555, 999.
11515155, 555511 apud, 151.
11515555, advo& ecclesiae de, 165,
11515151, willielmus, 01.
11511, Petrus de, 343, 350.
11511555, willielmus de, 90.
1151155551, Η535 55, 103.
1151151151, 1155515155 55, 97.
1151155515, Stephanus de, 965.
1151151510, ......... 55, 957.
1151155, 6511551511 55, 93.
1151155, H 55, 991, 435.
1151155, 115 115555, 93, 197.
1151115155, 1155513555 55, 306.
1151111511, 155555 111155, 79.
1151351555515, 404.
115151153ωῇ, 115 tenementum iu,

 

