111111111. 573

11111161, Μ161111 filiun, 989. 11111161 61 9111161111οῆ, Robertus
Ricardi, Michael 111111, 351. filius, 11.

11111161, 016111116Ιί1, 179, 974. 11111161 de 1111111111, willielmus
11111161, paganus 61111, 163, 169. filius, 59.

11111161, Petrus 61111, 911. 11111161 6111116, 1116111111 filius,
11111161, Philippus 1111111, 940. 359.
1111116111161111111111111, 117,184, 11111161611111111111, 11111111, Wil-

187, 989, 994, 303, 338, 1111111111 filius, 91935, 395.

403 11111161 khan, 8611111111, 385.
11111161, 11131111611111111, 938. 11111161 61 11611116, 1011111111
11111161, 111111611 filius, 931, 959, filius, 86.

985, 498. 11111161 61 Melebmc, Fuleo 1111111,
1111116111161111161111, 169, 937, 179.

967, 976. 11111161 le Μ111111, 1118111161111,
1111108111 111, 111, 141, 111.

959, 989, 997, 369, 370. 11111161 Τ1111111111611111111, 96.
11111161, Simon 61111, 159. 11111161111111111, Radulphus 111111,
11111161, Stephanus filius, 997. 491.

11111161, Thomas 111111, 996, 309, 11111161 11111111, 1111116111 frater,
11111161, Τ11161111, 987.

11111161111111111111111, 991. , , ,
11111161, 611166614141 165, 167, 176, 177, 188,
Ricardi, willielmus 1111111, 17, 76, 197, 906, 937, 939, 940,

111, 123, 163, 171, 117, 111, 111, 171, 171 111,

939, 956, 958, 973, 979, 990, 991, 368, 369, 375,

336, 345, 388. 377, 379, 389, 394, 437.
1111116111111111611 pater, 49. 111111611 Rex, 1, 3, 99, 31, 38,
11111161, 1111111111 11111390. 54, 59, 66, 83, 88, 95,
11111161, 111 11111111, 415. 138, 159, 188, 999, 911,
111111 111111 pater, 195, 111, 111, 111, 111, 111,

mm &mmmm
Rimdi filii Philippi, stephanus 111, 111, 111, 111, 111,

filius, 934. 434, 439, 446, 449, 450.
111111611111111111111 61111 et 111111 1111116111111611 (31111113, 01111-

Roberti 11111, 49, 43. 1116, 349, 348.

11111161 Coffifi, Hugo 1111111111, 1111116111 1111111611111111 (11111116,
1111116161 Bello Campo, walterus 1111116111 Capellam, 45.

61111, 395. 1111116111 Episcopus Wintofi‚ 73.
11111161 de 8111111οῆ, Hugo filius, 1111116111 6111111611, 149.

491. 1111116111 6611111161τυί, 179.
11111161 61 3111111111, 1311111111 11111161161111811111, 314, 377.

filius, 421. Ricardus 61111 6161111, 416.

11111161618111111,11111111111111161111, Ricardus 111111 ΑΙ ‘ 21⁰.
404. 1111116111 61111 iciae, 69, 343,
11111161 de Brumtofi, Willielmun 356.

filius, 15, 16. 1111116111 filius Alurici, 968.
1111116161 Cave, willielmus 111111, 1111116111 6111111 11, 193, 966.
166. 11111161161111 devini, 964.

 

