INDEX.

Judaeus, Chenniu, 79.

1003303, 8001131113 011311, 289.

100101, (1310111333, 391.

10311311, 13113 10, 14.

10311311, 1131131103οε, 14.

10313 33131 Μ310313113, 293

10313, 10331003 01103, 100.

10313, 1131131103 01103, 61.

10113113, 13030033 0003, 109.

10113113, 11303103 01103, 129.

1101303, 133, 178, 327.

1011303 0113 Μ311101, 212.

1101303 11113 Matillidae, 187.

1011303 0131600101, 211.

1011303 uxor Hamonis, 58.

1011303 0113 0003013 03 030033,

1011303 33131Αο30013 0031 11133101,

100303 01131 1310301 011111310311,
225, 262.

1011303 01131 1310301 filii 11300,

100303 uxor odonis de 81301310,

1101303 uxor 1130010111 0313003133,

10113013, 01111303 013131, 212.

Julianus filius ludulphi, 314.

100130131130033, 202.

10103111113001103, 289.

100303131130033, 179.

1000131, 13113, 813. 10, 404.

1013013, Mauricius, 172.

10130131113311103, 419.

1013013, 01111310, 326.

10131113, 111331003, 326.

1113133311, vivianus de, 85.

1131130, 1131131103 03, 3110013011
uxor ejus, 14. ⁴

113, 256.

113 01103 (13011101, 230.

113013, Philippi 01103, 281.

113013, 111111310103 01103, 100.

113013 03 11303130, 801331313100·
30103 1103113 uxoris, 18.

(v. Yw, 4⁶4
111331, 3333113000, 293.
11111111, 111111311003 03, 284.

K.
Κ303,11301031003011031130311,216.

1111033113, 1311310, 371.
1131033, 001013 03, 235.
1131033, 110 03, 349.
1131033, 11 1310103 01103 11133101
03, 235, 395.
0310313, 13030033 03, 246, 250.
11310313, 1131131103 03, 302.
11310011, Alanus 03, 31 Godit uxor
ejus, 257.
03100033, 003 03, 375.
11310033, 1100310103 01103 1111131111
03, 24.
03100313, Petrus de, 128.
1131031310, 3333113000, 248
1131031310, 133311003 03, 297.
1131313, 0331003303, 206.
1131331311, 1130310303, 279.
Κ3101000330311, 1131131103 03, 121.
1131031130, 13030033 03, 248.
0301013130, 1130010003 03, 424.
1111100111, (13131003 03, 221, 224.
11310101, Thomas 03, 233.
1130303133, 110303, 203.
1130311311, 1100310103 03, 296.
1130111310, Prior de, 254.
1130110, willielmus 03, 51.
030303, Μ3111003 03, 31 uxor ejus,
323, 324.
1131000110, 13030033 03, 59.
11313031, 1113110303, 206.
11313010, 1113111003 03, 404.
11313010, 1131131103 03, 391.
03110011, 01003 03, 257.
11311000, (1001103 03, 257.
03110011, Μ3111003 03, 257.
11311000, 0110 03, 257.
1131113 1,1 011110, 144.
1131131311, 1131131103 03, 50, 51.
1131000, 003 03, 374.
Kame, Odo 03, 20, 96, 97.
113103, 1100310103 01103 odonis 03,
1131001, willielmus 03, 416.
0313110310 10 80031331, 333311 3000
Sanctam, 291.
03131103 uxor 13130013 de (331133-
Μῐ, 167.

 

