11661. 557

11611116, Ν61111, Η1166116, 159, 161, 1116611161 61611661 de 0161111161οῆ,
mmmmm 11
437. Ν16661161 61161 Adoe, 158.
11611116,Ν661116,.16666661116, 156, 1116661661 61161 6666611111, 202.
165, 166, 163. Ν1666166161161Β61666611, 171.
1161111, Petrus de, 405. 1116661661 61161 1166111111, 244.
Ν61111, Neovifl, 1161161161 116, 15, 1116661661 61161 Godid, 151.
16, 120, 420. Ν16661161 61161 Η1616611, 222.
Ν661111, 1161161161 (16, 61 1116166 Ν166116161161 Η666611, 16, 17,
61161 ejus, 129. 351.
11661111, 1166611111 (16, 61 Μ6111111 Ν16661661 61161 0116611, 306, 312,
6116161111, 1611361
Ν61166616, Α6611116, 200. Ν1666116161161 11666111, 411.
Ν61161666, 11666161 de 16, 61611616 111666166161161 Tbomae, 85.
uxor ejus, 418. Ν166616616116111111161611179, 202,
Newelond, 86616611161 661611 260, 292, 293, 366, 416.
611 6116116 ui 6611116 le, 1116661161 61161 111116 de Sancto
101,192.1111)6116,170.
1166666161, 06666161 (16, 11. 1116661661 611111 16111161 61111111,
116116661166616116, 211. 307.
1161166611, 116661 (16, 162. Ν16661161 61161 Matildae de Ald-
116661611, Adam de, 446. 61111, Η111161111, 330, 403
Nem, 116661 (16, 237. 1116611161 61161 1161161661 (16061166,
1116661, 16166666161116 de, 7. 65.
111666161, 11611116 6116, 62. 1116661661 61161 11166611 116 36116-
111666111, David 61161, 271. 1611, 421.
Ν1666111, 11166161,.166661161 61161, Ν16661161 61161 1166611 Clerici,
111666111,11611616661 61161, 232. 11166111, 1116611161 61161, 112, 126,
111666161111611116161161, 102116, 130, 326, 426.
266. 11166111, 1161161161 61161, 150, 344,
Ν1666111, 11666161 61161, 225, 267, 350, 391.
376. 1116611111111161166161161, 69, 303,
Ν1666161, Simon 61161, 234, 276, 306, 312.
452. 11166111, Μ1111116 quae 1611 61161,
1116661111, willielmus 61161, 242. 306, 312, 366.
111666161 6111 11666111, 16666661 Ν166111 (16061616111061616611, 116-
1111161, 411. bertus frater, 247, 250.
111666111 6111 11666111,11666161 1116611611, 111 611161, 177, 366.
61161, 121.111661161 61161 1111116611, 238.
111666111 6111 willielmi, 1161161111 111661161611611111111611111, 106
116161, 179. 11661161 6616111111161611, 447.
111666161 1161166, Abba· Sancti, Niger, 1111661, 234, 274.
340, 341, 397. 111661, Μ661116111611616661, 67.
Ν1666111 116 1111111111, Elias 06661 1116661116611161, 260.
111161, 163. 1116661116116161, 263, 293.
1116661161, 143, 241, 293, 3961116661111116111161, 255.
4113, 4361139 Niu pom 9116101222.

1116661161666611611111 06111111111161, Ν11Ρο1,6,,11111ω“316 126.
6 Νῑῃψωωω

 

