11111311.

1111690, terra 69, 396.
11101011, Philippus de, 313.
1113110106, Prior de, 437.
11110910, 9001991969, 114.
Κ1111901, 140099 69, 357.
Κ111901Ρ110169, 340.
11111901, Εο91901110969, 431.
11111901, Thomas 69, 939.
Kirkebi 11990010, 9001991969, 389.
1111190910, (3900010169, 995.
1111190910, 111100, Prior de, 399,
377, 431.
1111190910, Adam 0901100969, 113.
1111199196, 11009969, 351.
11111011, 96106 90019919 69, 398
1110011, 11101111, willielmus 69, 396.
1119031, ,11111Ιί910109 69, 969.
Korope, Petrus, 139.
1101191916, Adam de, 16.
11011019131001969, 89, 101.
1101991016, Prior de, 390.
1101911119, 111111191100969, 17.
110091011111191010969, 490.
1111119101, 1100111609 (19, 337.

Κο00133911011Ῐ46, Prior 91 Fratres
9, .

L.

190901110916009189119111199109,

19009, 1111119109, 110.

19001, Μ91111169 69, 79.

19091199, 10090099 69, 78, 108,
113, 197, 130, 337.

196011, 060 (19, 169, 169.

1919169, 19119, 810. 10, 361. ψ

19111910, terra, 619. 10, 403.

191199, 11ῖο0160969, 16.

19 11919, 11019, terra, 810, 53.

19119, Andreas 69, 344, 350.

19191011, 1111111911009 69, 400.

1919, Simon de, 970.

1910919, liebertus 69, 19.

19100, 10090099 filius, 187.

lamberti, Godgboidos filius, 305,

919

lamberti, Ronulfus 111109, 339

1910091106, 1111191609 69, 190.

1901091109 filius Ricardi, 169.

1911100111, 19119, 810. 10, 190, 376.

19010016, 30091109 69, 191, 900.

1901011111, Willielmus 69, 191.

19019019, 1911191116, 19019019, pia-
0119, 810. apud, 911, 919,
916, 917, 918.

1901099, 31091609 69, 104.

1901019, 111130, 954.

1900991199119 - 19009911, &o 1,
10, 88, 113, 114, 997, 947,
950, 301, 316.

1911096011, 19119 10, 379.

1900911009, 369.

1906, (1919609 69, 115.

1906, 816169, 183.

19060, Prior 69, 431.

19069, 111111910109 69, 69.

191169 69 Fare, Willielmus 69, 173.

19069, 0191900906 69 19, 171.

moeror, terra in, 94.

1909, 111111191οι069 ln, 395.

19090901, 19119, 810. 10, 330.

1909091906, 11039109 69, 174.

19039091301911910, 55.

1903909139, 1190110119 69, 91 Jo-
00009 uxor 9 Jus, 55.

1110390113,Ι 1903901139, willielmus
dela, 366, 384.

1903901111, 11030 69, 183.

190390011, 11100199 69, 180.

190 396011, osbertus 69, 141.

19039600, Μ9099109 filius wil-
1191101 69, 84.

190301, langeford, Eua 69, 196,

1911391, Simon 69, 491.

19039191, 110 tenementum, 810. 10,

19039191, 1109190109 69, 900.

1903910169, 190391 1119119109 69,
190, 196, 197, 901, 314,
315, 377.

190391919, 060 69, 179.

1903911119, 11100199 69, 197.

19039106, (1119091109 69, 964.

19039100, Η9011009 69, 351.

19039101, 0909110969, 111, 199.

 

