INDEX.

1151155, 1151151151 de, 157.
Η51505,111111155105, 140, 141.
Η5115150, 55115115 05, 9.
11515150, 15115, 815. in, 11.
Η51151511, 1115510111 05, 90.
1151151511, Stephanus 05, 98
Η51111515, 1151151151 05, 39.
Η515, terrain 15, 53.
Η515, 1111115151510515 53
11515, term de, 73. -
1151511555, Ν151151551, 959.
11515511505555105855511, 968.
1151510551, 1151151151 05, 130.
11515511, 303
11515511, 1511115551 01151, 414.
1151551151151111111115101151, 90.
Η515511, 1151051151 nepos, 414.
1151511111 uxor (1110511101, 309.
1151511115 0115 Hugonis de Plaiz,
1151551115 uxor Normanni 05
3515511115, 80.
1151115150, 1151051151 05, 39, 57.
1151115,111111515151 011111, 309.
1151151, 95.
Η51151 011111 35155101, 969.
1151151 frater Roberti, 408
Η511111151551511515, 144.
1151151550, 111111515151 05, 958.
1151155, 1151151111 05, 418
1151151515115510515, 370.
1151151155, 1115515105, 959.
1150555150, 1151115511ιά5, 37, 38.
Hem, Alexander de, 996.
11515155, 511511 apud, 973.
1151511580515, 1550515 15111115, 79.
Η5115515, willielmus 05, 996.
11515150, 1115115115, 976.
1155151150, 1115510111 05, 94.
11551111ξ, 10110115 (355111, 99. <
1155111511, 1151151151 05, 997.
1151551151οῆ, 111551051 05, 304.
11515150, 1115510111 05, 301.
Η551151, 1151151151 05, 301.
1155155, Ρ51151, 990.
11550511, 1515511551 05, 944.
11550150, Heminfg 05, 305.
Η551111551, 106.
11550511, 15111, 815. 15, 396.
1155351, Ρ11511115 05, 188.

11559511. 1115.

599

1155551, 11111151515105, 359.
Η558115ἰ1ἒ4113ἒιέςο551, 0555551115,
1155311515, hundredum 05, 183.
Η55311515,11515311551, 1115011505,
1155311515, 1151151111 51511551 05,
1155311515, 1115515105, 185.
1155311555105, willielmus 01151
1105, 159.
Η55111155111085,θ — 05, 159.
1155115111, 1151151111 05, 39.
1151111515, villata 05, 189.
Η555515, Μ511111505, 136.
Henningeleia, Richewardus 05, 97.
11551151, Agnes 0115, 946.
Η551151, Alexander 01151, 306,
Η551151, 1115510511 01151, 171.
Η551151, (15051551 011111, 350.
Η551151,(15105 011111, 344.
Η551151, (1515101151, 130.
Η551151Η535 011111, 309.
11551151, Ρ5115101155, 9.
Η551151, Ρ51151 01151, 5111511505
51151 ejus, 10.
11551151, 1151151ρο51 filius, 999.
11551151, 3555515051 01151, 119.
Η551151, 1115111051 011111, 911, 965,
Η551151,1151151151011111, 75, 117.
11551151, 1111 01151, 139.
Η551151, 11 1515101151, 971.
Η551151, 1110501151, 433.
Η551151, willielmus 01151, 930,
959, 317, 318, 369, 388,
Η551151, 1511111151 115151, 88
Η551151, Μ5111551 frater, 373
11551151, Lucis uxor, 930.
Η551151, Μ11111111 uxor, 393.
11551151 majoris Lond01”1‚ Petrus
01151, 439.

Η55115111505551511111, Agnes 0111,

Η5Μ5ἕ53151505 0115 Alexandri

11551151Ξῖ115ἓᾷ 0115 Alexandri
11, τ .

1111

 

