10011. v

Evemd, 1110111101, 990.
1110101111, 101101 filius, 33
1310101111, 1110011101 111101, 335.
1310111111, 11030101 111101, 140, 141,

1110101111, -1111110111101 filius, 978,

1110111001, 57, 934.
1310111001 filius Ailmeri, 184. ’
1310110101 frater willielmi, 378.
1310100111, 1101101101 filius, 448.
1310101101, 8111100110, 395.
11101001, 0001111110, 991.
13101110, willielmus 110, 01 Μο111110
01010101, 985.
1310101001 avunculus Ηο30011 de
Fulebroc, 493
1110111011, Abbas de, 59, 439.
Ε110111011101, 10111 in, 378.
1110111101, 1110001110, 41.
110001, hominm de, 9.
1110011ωο, 0111011101 de, 118,
111οηί00111, H. Episcopus, 140.
1111101100, 101100, 993.
Exn-aneuz, 5011011001, 13, 90, 93,
94, 993, 365.
1111100001, 110101011ιο, 147.
1111111001, 1101101101, 90.
Eya, 1011001001 de, 409.

1.

10110011101001101, 959.

101101, 1110101101, 394.

Faber, 11030, 187. ,
Faber, 1011001101, 910, 918, 401.
Faber, Nonnannus, 181.

Faber, 1110011101, 977, 400.
Faber, 1101101101, 914, 983
1110010300, 179, 001 101.
Faber, 8130101, 173.

Faber, 1101101001, 159.

Faber de 110110111αο1, 1101001111,
Fabri, 1110111110 110101 1111111111,
1111101010, 5011101101 110, 130.

0010001110.

110, 1111111001, 983.
1011, 11111101100110, 90.
11300110, 1101101101 de, 193.
10110, Thomas 11, 355.
1111100130, 110110101 de, 95.
1010000001, Ηο011001, 954.
1010001001, Ηο011001, 0111101011
101000111111111111110901,ο 01 Annon Ι
uxorem, 317.
1110000101, 030, 0111101011 uxor
0101, 940.
1110000101, 1110011101, 999.
10101100, Adam de, 958.
10101110310, 10111 111, 140.
10101111οῳ0, (1101111101 110, 9.
1111100013110110011101110, 994.
111100013111110101110, 449.
11101013, willielmus 110, 908.
1110110111, walterus, 993.
1111110301, 1110011110 de, 55.
10111110, willielmus filius, 139.
1010110131, 10110 10, 307.
1011111110, 1011130. in, 371.
1011101, willielmus 110, 370.
1101101110, (1110001101, 159.
101, 1101101101, 993.
1000011011, 10000100, 101111010-
meus, 185, 197.
1000011110, 1000011010, 11000110,
111Πί011001, 185, 190, 197,
198, 907.
1110οο01030, 10011050130, 810-
phanus 110, 38, 98.
10000000130, 1000000130, wal·
tems (10, 41, 49.
10010000130, 1101101111 110, 01 Ag:
1001011111 ι1111111111 1117134811.
1101110111, 10110 110, 398.
100001, 1110011101, 908.
110001, 1101101101, 979.
100001, willielmus, 349.
1110101100, 101011ορ011, 979.
1010101110, 1010111110, 1011101-
ham, Abbas de, 111, 111,
1011101 uxor ,1011001111 de 1101301,
10330,110110101, 901.

Kx

 

