661ι monn

waltham, 19550155, 5111155 (19, 91519555, 19519511, 91519559, 9111· ,

155, 163, 172, 209, 216, lielmus de, 87, 113, 234,

324, 346, 423. 275, 290, 414.
waltham, Wautham, hundredum 915195, 1119511155 (19, 172.

(19, 181, 209. ἱ 195195, 1911691555 (19, 149.
waltham, tenementum in, 396. 9151551915, ecclesia (19, 331.
1951111551, Purvot, 99919515 (19, 266 1951951959119-19519519, uc„ 2, 3,
91511119111989155, 406. 5, 6, 7, 48, 51, 55, 62,

(1951195, 1955155.) 64, 71, 72, 86, 97, 100,
1951106, terrain, 92. 116, 129, 136, 137, 143,
9151156, 19551οῆ, Gillebertus de, 221, 222, 223, 227, 231,
. 141, 365· 338, 339, 340, 353, 355,
19511011, Η55155119, 13. 256, 257, 268, 277, 289,
19511055, Idu de, 127. 290, 297, 300, 302, 313,
91511011, Paganus de, 336, 395. 317, 325, 327, 347, 376,
1951106, Theobuldus de, 127. 378, 381, 398, 429, 444.
wauton, Willielmus de, 224. 91519516, 919999595 (19, 76.
1951156-Τ11991151555 61 ,19155515 91519516, 1951911191, 1951911915·

Presbyoeris (19, 92. 1911, Comes de, 72, 116,
1955156, 1191191155 115191 Gileberti 240, 297, 317, 378.

, (19, 365. 9151911, 9151196, 05516555 de,

91511911, Simon (19, 435. 304, 382.

195151595, 195111955 (19, 211. 91519516, 19555555 (19, 222 223,

19515911, ,19991555 (19, 297. 303.

195151, 1151191155 (19, 208. 1951911, 9151911191, Petrus (19, 240,

9151591555 filius Angod, 17, 18. 300.

9155591916, 1911691555 (19, 133. 1951, Prior de, 335.

19551516, 1151191155, 14. 19511, Fulco de, 147.

19551916, 111955155 (19, 108. 9151, 111955155 (19, 6.

91551916, 11589155 (19, 284. 9151911, 1901191555 (19, 277.

Wnpenbiri, Ricardus de, 234. 1951695, Martinus (19, 301.

9151, 1911191555 de 15, 86, 238 19511155, Hugo de, 237.

wau, 191019155191591455111115 9151555556, 595555ξ 91 term in,
uxor 955, 30. 175.

1951555555, 9911691555, 295. warini, Ascelina 6115, 346.

195111, ,19155595 (19, 101. 9151151, Υ559155 filia, 369, 398.

1951695195, Ρ91155, 139. 1951151, Benedictus filius, 116.

1951696, 19511961951655, Abbas 195115195111961155, 35.

. (19, 97, 98, 242, 279, 326. 1951151, Fulco 61155, 91Η511555

1955196, Hugo Monachus de, 326. uxor ejus, 37.

.1951(196,9151(156,1951(1οῆ, 99919515 9151151, (15161055 61155, 119.

(19, 242, 326. warini, Gilebertus filius, 201.
19519, 3911155 (19, 136. 9151151, Rinardus filius, 298.
19519, Ricardus de, 72. 9151151, 1151191155 61155, 121.
9151991519, willielmus, et Matilda 9151151, willielmus 61155, 350.

uxor ejus, 208. 1951151, 9111691555 pater, 194.
91519595, Maris& de, 106. 9151151 (19 Colebi, Simon frater,
warenna, Guunora de, 7. 409.
19519555,Η55909595 (19, 72, 398. 91511555, 379.

19519515, Reginudu de, 438. warinus filius Gemldi, 171.

 

